1 2
1 3
1 4
1 5
1 6
1 7
1 8
1 9
1 31
1 77
1 32
1 74
1 34
1 35
1 38
1 40
1 41
1 42
1 43
1 45
1 46
1 47
1 48
1 124
1 49
1 50
1 78
1 111
1 51
1 127
1 57
1 58
1 59
1 60
1 61
1 62
1 63
1 67
1 68
1 69
1 82
1 70
1 71
72 2
72 3
72 4
72 5
72 6
72 7
72 8
72 9
72 10
72 11
72 12
72 13
72 14
72 15
72 16
72 17
72 18
72 19
72 20
72 21
72 22
72 23
72 24
72 25
72 26
72 27
72 28
72 29
72 30
72 31
72 88
72 74
72 36
72 37
72 40
72 41
72 42
72 43
72 45
72 46
72 47
72 48
72 124
72 78
72 52
72 57
72 58
72 59
72 60
72 61
72 62
72 63
72 67
72 68
72 69
72 132
72 133
75 2
75 3
75 4
75 5
75 6
75 7
75 8
75 9
75 74
75 40
75 41
75 42
75 43
75 45
75 46
75 47
75 48
75 57
75 58
75 59
75 60
75 63
76 2
76 3
76 4
76 5
76 6
76 7
76 8
76 9
76 77
76 40
76 41
76 42
76 43
76 57
76 58
76 59
76 60
76 63
76 67
106 4
106 5
106 6
106 7
106 8
106 9
106 84
106 74
106 119
106 120
106 111
106 63
106 139
79 73
79 4
79 5
79 6
79 7
79 8
79 9
79 74
79 40
79 41
79 78
79 52
79 57
79 58
79 59
79 60
79 63
87 4
87 5
87 6
87 7
87 8
87 9
87 63
89 4
89 5
89 6
89 7
89 8
89 9
89 63
113 4
113 5
113 6
113 7
113 8
113 9
113 132
113 133
90 2
90 3
90 4
90 5
90 6
90 7
90 8
90 9
90 77
90 40
90 41
90 53
90 54
90 55
90 56
90 63
90 67
80 4
80 5
80 6
80 7
80 8
80 9
80 81
80 33
80 118
80 35
80 122
80 42
80 43
80 78
80 57
80 58
80 59
80 60
80 63
80 82
80 134
80 135
105 140
105 4
105 5
105 6
105 7
105 8
105 9
105 32
105 38
105 63
105 68
105 69
83 4
83 5
83 6
83 7
83 8
83 9
83 88
83 84
83 74
83 63
83 68
83 69
83 71
91 2
91 3
91 4
91 5
91 6
91 7
91 8
91 9
91 32
91 34
91 38
91 45
91 46
91 47
91 48
91 63
91 68
91 69
91 136
92 4
92 5
92 6
92 7
92 8
92 9
85 2
85 3
85 4
85 5
85 6
85 7
85 8
85 9
85 42
85 43
85 63
103 2
103 3
103 4
103 5
103 6
103 7
103 8
103 9
103 40
103 41
103 63
103 67
103 68
103 69
141 2
141 3
141 4
141 5
141 6
141 7
141 8
141 9
141 63
94 4
94 5
94 6
94 7
94 8
94 9
94 63
142 4
142 5
142 6
142 7
142 8
142 9
95 4
95 5
95 6
95 7
95 8
95 9
95 63
117 4
117 5
117 6
117 7
117 8
117 9
117 124
117 71
143 32
143 127
96 4
96 5
96 6
96 7
96 8
96 9
96 35
116 4
116 5
116 6
116 7
116 8
116 9
116 63
116 68
116 69
107 4
107 5
107 6
107 7
107 8
107 9
107 57
107 58
107 59
107 60
110 4
110 5
110 6
110 7
110 8
110 9
146 4
146 5
146 6
146 7
146 8
146 9
146 63
98 67
151 4
151 5
151 6
151 7
151 8
151 9
155 2
155 3
114 4
114 5
114 6
114 7
114 8
114 9
114 49
114 50
114 53
114 54
114 55
114 56
114 64
114 65
114 66
157 38
157 57
157 58
157 59
157 60
157 63
163 126
163 130
170 63
174 38
175 39
177 4
177 5
177 6
177 7
177 8
177 9
177 35
186 129
187 125
206 123
211 212
101 102
225 131
228 93
229 121
108 44
232 233
235 236
237 128
251 137
252 138
253 158
