1 2
1 3
1 4
1 5
1 6
1 7
1 8
1 9
1 31
1 77
1 32
1 74
1 35
1 38
1 40
1 41
1 42
1 43
1 45
1 46
1 47
1 48
1 49
1 50
1 78
1 51
1 57
1 58
1 59
1 60
1 61
1 62
1 63
1 67
1 68
1 69
1 82
1 70
72 2
72 3
72 4
72 5
72 6
72 7
72 8
72 9
72 10
72 11
72 12
72 13
72 14
72 15
72 16
72 17
72 18
72 19
72 20
72 21
72 22
72 23
72 24
72 25
72 26
72 27
72 28
72 29
72 30
72 74
72 36
72 37
72 40
72 41
72 42
72 43
72 45
72 46
72 47
72 48
72 52
72 57
72 58
72 59
72 60
72 61
72 62
72 63
72 67
72 68
72 69
75 2
75 3
75 4
75 5
75 6
75 7
75 8
75 9
75 74
75 57
75 58
75 59
75 60
75 63
76 2
76 3
76 4
76 5
76 6
76 7
76 8
76 9
76 77
76 42
76 43
76 63
76 67
106 4
106 5
106 6
106 7
106 8
106 9
106 84
106 74
106 119
106 120
106 111
106 139
79 73
79 4
79 5
79 6
79 7
79 8
79 9
79 52
79 63
87 4
87 5
87 6
87 7
87 8
87 9
87 63
89 4
89 5
89 6
89 7
89 8
89 9
113 132
113 133
90 4
90 5
90 6
90 7
90 8
90 9
90 77
90 40
90 41
90 53
90 54
90 55
90 56
90 63
80 4
80 5
80 6
80 7
80 8
80 9
80 81
80 33
80 118
80 35
80 122
80 42
80 43
80 78
80 82
80 134
80 135
105 140
105 32
105 38
105 63
105 68
105 69
83 4
83 5
83 6
83 7
83 8
83 9
83 88
83 84
83 63
91 2
91 3
91 4
91 5
91 6
91 7
91 8
91 9
91 34
91 38
91 45
91 46
91 47
91 48
91 63
91 68
91 69
91 136
92 4
92 5
92 6
92 7
92 8
92 9
85 4
85 5
85 6
85 7
85 8
85 9
85 63
103 2
103 3
103 4
103 5
103 6
103 7
103 8
103 9
103 63
94 4
94 5
94 6
94 7
94 8
94 9
142 4
142 5
142 6
142 7
142 8
142 9
95 4
95 5
95 6
95 7
95 8
95 9
117 124
117 71
143 127
116 4
116 5
116 6
116 7
116 8
116 9
116 63
107 57
107 58
107 59
107 60
98 67
155 2
155 3
114 4
114 5
114 6
114 7
114 8
114 9
114 49
114 50
114 53
114 54
114 55
114 56
114 64
114 65
114 66
163 126
163 130
175 39
186 129
187 125
206 123
211 212
101 102
225 131
228 93
229 121
108 44
232 233
235 236
237 128
251 137
252 138
253 158
