1 2
1 3
1 73
1 4
1 5
1 6
1 7
1 8
1 9
1 102
1 31
1 81
1 88
1 77
1 32
1 33
1 118
1 84
1 74
1 34
1 119
1 35
1 36
1 37
1 120
1 38
1 93
1 121
1 39
1 40
1 41
1 122
1 123
1 42
1 43
1 44
1 45
1 46
1 47
1 48
1 124
1 49
1 50
1 78
1 125
1 126
1 111
1 51
1 52
1 127
1 128
1 53
1 54
1 55
1 56
1 129
1 57
1 58
1 59
1 60
1 61
1 62
1 63
1 130
1 131
1 64
1 65
1 66
1 67
1 68
1 69
1 82
1 70
1 132
1 133
1 134
1 135
1 136
1 71
72 2
72 3
72 73
72 4
72 5
72 6
72 7
72 8
72 9
72 10
72 11
72 12
72 13
72 14
72 15
72 16
72 17
72 18
72 19
72 20
72 21
72 22
72 23
72 24
72 25
72 26
72 27
72 28
72 29
72 30
72 31
72 88
72 77
72 32
72 84
72 74
72 34
72 35
72 36
72 37
72 38
72 93
72 121
72 40
72 41
72 122
72 42
72 43
72 44
72 45
72 46
72 47
72 48
72 124
72 49
72 50
72 78
72 51
72 52
72 53
72 54
72 55
72 56
72 57
72 58
72 59
72 60
72 61
72 62
72 63
72 130
72 131
72 64
72 65
72 66
72 67
72 68
72 69
72 82
72 70
72 132
72 133
72 134
72 71
72 137
72 138
75 2
75 3
75 4
75 5
75 6
75 7
75 8
75 9
75 10
75 11
75 12
75 13
75 14
75 15
75 16
75 17
75 18
75 19
75 20
75 21
75 22
75 23
75 24
75 25
75 26
75 27
75 28
75 29
75 30
75 77
75 32
75 74
75 119
75 35
75 38
75 121
75 40
75 41
75 42
75 43
75 45
75 46
75 47
75 48
75 124
75 49
75 50
75 78
75 126
75 52
75 128
75 57
75 58
75 59
75 60
75 61
75 62
75 63
75 67
75 68
75 69
75 71
75 137
76 2
76 3
76 4
76 5
76 6
76 7
76 8
76 9
76 88
76 77
76 33
76 74
76 35
76 38
76 121
76 40
76 41
76 42
76 43
76 124
76 49
76 50
76 78
76 52
76 53
76 54
76 55
76 56
76 57
76 58
76 59
76 60
76 63
76 64
76 65
76 66
76 67
76 68
76 69
76 82
76 70
106 2
106 3
106 4
106 5
106 6
106 7
106 8
106 9
106 77
106 84
106 74
106 119
106 35
106 120
106 121
106 40
106 41
106 42
106 43
106 124
106 111
106 52
106 57
106 58
106 59
106 60
106 63
106 67
106 132
106 133
106 71
106 137
106 139
79 2
79 3
79 73
79 4
79 5
79 6
79 7
79 8
79 9
79 88
79 77
79 32
79 84
79 74
79 119
79 38
79 40
79 41
79 42
79 43
79 45
79 46
79 47
79 48
79 49
79 50
79 78
79 52
79 57
79 58
79 59
79 60
79 61
79 62
79 63
79 67
79 68
79 69
79 132
79 133
79 137
87 2
87 3
87 4
87 5
87 6
87 7
87 8
87 9
87 32
87 74
87 34
87 38
87 40
87 41
87 42
87 43
87 45
87 46
87 47
87 48
87 124
87 127
87 129
87 57
87 58
87 59
87 60
87 63
87 68
87 69
87 71
89 2
89 3
89 73
89 4
89 5
89 6
89 7
89 8
89 9
89 32
89 74
89 38
89 40
89 41
89 42
89 43
89 78
89 127
89 57
89 58
89 59
89 60
89 63
89 68
89 69
113 2
113 3
113 4
113 5
113 6
113 7
113 8
113 9
113 74
113 38
113 40
113 41
113 63
113 132
113 133
90 2
90 3
90 4
90 5
90 6
90 7
90 8
90 9
90 31
90 88
90 77
90 74
90 35
90 40
90 41
90 42
90 43
90 45
90 46
90 47
90 48
90 78
90 126
90 51
90 53
90 54
90 55
90 56
90 129
90 57
90 58
90 59
90 60
90 63
90 67
90 68
90 69
90 82
80 2
80 3
80 4
80 5
80 6
80 7
80 8
80 9
80 81
80 33
80 118
80 74
80 35
80 38
80 40
80 41
80 122
80 42
80 43
80 124
80 78
80 57
80 58
80 59
80 60
80 63
80 131
80 67
80 68
80 69
80 82
80 134
80 135
105 2
105 3
105 140
105 4
105 5
105 6
105 7
105 8
105 9
105 77
105 32
105 35
105 38
105 40
105 41
105 57
105 58
105 59
105 60
105 61
105 62
105 63
105 67
105 68
105 69
83 2
83 3
83 4
83 5
83 6
83 7
83 8
83 9
83 88
83 84
83 74
83 35
83 38
83 40
83 41
83 42
83 43
83 78
83 127
83 53
83 54
83 55
83 56
83 57
83 58
83 59
83 60
83 61
83 62
83 63
83 68
83 69
83 71
83 137
91 2
91 3
91 140
91 4
91 5
91 6
91 7
91 8
91 9
91 77
91 32
91 74
91 34
91 38
91 40
91 41
91 42
91 43
91 45
91 46
91 47
91 48
91 125
91 126
91 52
91 57
91 58
91 59
91 60
91 63
91 68
91 69
91 82
91 136
92 2
92 3
92 73
92 4
92 5
92 6
92 7
92 8
92 9
92 74
92 38
92 93
92 40
92 41
92 42
92 43
92 57
92 58
92 59
92 60
92 63
92 67
92 71
85 2
85 3
85 4
85 5
85 6
85 7
85 8
85 9
85 81
85 88
85 32
85 74
85 34
85 119
85 35
85 40
85 41
85 42
85 43
85 45
85 46
85 47
85 48
85 49
85 50
85 78
85 57
85 58
85 59
85 60
85 61
85 62
85 63
85 64
85 65
85 66
85 67
85 68
85 69
85 71
103 2
103 3
103 4
103 5
103 6
103 7
103 8
103 9
103 31
103 77
103 32
103 74
103 35
103 38
103 121
103 39
103 40
103 41
103 42
103 43
103 57
103 58
103 59
103 60
103 63
103 67
103 68
103 69
103 70
103 137
141 2
141 3
141 4
141 5
141 6
141 7
141 8
141 9
141 63
94 2
94 3
94 73
94 4
94 5
94 6
94 7
94 8
94 9
94 88
94 77
94 32
94 74
94 38
94 40
94 41
94 42
94 43
94 78
94 57
94 58
94 59
94 60
94 63
94 67
94 68
94 69
142 2
142 3
142 4
142 5
142 6
142 7
142 8
142 9
142 88
142 35
142 40
142 41
142 124
142 49
142 50
142 78
142 57
142 58
142 59
142 60
142 63
95 2
95 3
95 4
95 5
95 6
95 7
95 8
95 9
95 74
95 38
95 40
95 41
95 42
95 43
95 45
95 46
95 47
95 48
95 57
95 58
95 59
95 60
95 61
95 62
95 63
95 68
95 69
117 2
117 3
117 4
117 5
117 6
117 7
117 8
117 9
117 34
117 42
117 43
117 124
117 78
117 63
117 71
143 2
143 3
143 4
143 5
143 6
143 7
143 8
143 9
143 32
143 74
143 38
143 125
143 127
143 63
143 68
143 69
96 2
96 3
96 4
96 5
96 6
96 7
96 8
96 9
96 10
96 11
96 12
96 13
96 14
96 15
96 16
96 17
96 18
96 19
96 20
96 21
96 22
96 23
96 24
96 25
96 26
96 27
96 28
96 29
96 30
96 32
96 35
96 40
96 41
96 122
96 42
96 43
96 57
96 58
96 59
96 60
96 63
96 67
96 71
116 2
116 3
116 4
116 5
116 6
116 7
116 8
116 9
116 32
116 74
116 38
116 40
116 41
116 42
116 43
116 124
116 78
116 127
116 57
116 58
116 59
116 60
116 63
116 68
116 69
116 82
116 134
144 2
144 3
144 4
144 5
144 6
144 7
144 8
144 9
104 2
104 3
104 4
104 5
104 6
104 7
104 8
104 9
104 31
104 88
104 32
104 74
104 38
104 57
104 58
104 59
104 60
104 63
104 67
104 68
104 69
107 2
107 3
107 4
107 5
107 6
107 7
107 8
107 9
107 74
107 35
107 122
107 42
107 43
107 57
107 58
107 59
107 60
107 63
107 67
109 2
109 3
109 4
109 5
109 6
109 7
109 8
109 9
109 32
109 42
109 43
109 45
109 46
109 47
109 48
109 57
109 58
109 59
109 60
109 63
110 2
110 3
110 4
110 5
110 6
110 7
110 8
110 9
110 74
110 45
110 46
110 47
110 48
110 63
145 2
145 3
145 4
145 5
145 6
145 7
145 8
145 9
145 63
86 2
86 3
86 4
86 5
86 6
86 7
86 8
86 9
86 74
86 40
86 41
86 45
86 46
86 47
86 48
86 57
86 58
86 59
86 60
86 63
146 2
146 3
146 4
146 5
146 6
146 7
146 8
146 9
146 88
146 74
146 57
146 58
146 59
146 60
146 63
147 2
147 3
147 4
147 5
147 6
147 7
147 8
147 9
147 57
147 58
147 59
147 60
98 2
98 3
98 4
98 5
98 6
98 7
98 8
98 9
98 57
98 58
98 59
98 60
98 63
98 67
148 2
148 3
149 2
149 3
149 4
149 5
149 6
149 7
149 8
149 9
149 40
149 41
149 63
150 2
150 3
150 4
150 5
150 6
150 7
150 8
150 9
150 51
150 63
151 2
151 3
151 4
151 5
151 6
151 7
151 8
151 9
151 40
151 41
151 63
152 2
152 3
152 4
152 5
152 6
152 7
152 8
152 9
152 57
152 58
152 59
152 60
153 2
153 3
153 4
153 5
153 6
153 7
153 8
153 9
153 63
154 2
154 3
154 63
155 2
155 3
156 4
156 5
156 6
156 7
156 8
156 9
156 57
156 58
156 59
156 60
156 63
114 4
114 5
114 6
114 7
114 8
114 9
114 77
114 32
114 74
114 40
114 41
114 45
114 46
114 47
114 48
114 49
114 50
114 52
114 53
114 54
114 55
114 56
114 57
114 58
114 59
114 60
114 63
114 64
114 65
114 66
114 67
157 4
157 5
157 6
157 7
157 8
157 9
157 88
157 84
157 74
157 35
157 38
157 93
157 40
157 41
157 123
157 42
157 43
157 45
157 46
157 47
157 48
157 49
157 50
157 127
157 57
157 58
157 59
157 60
157 63
157 68
157 69
157 82
157 135
157 158
159 4
159 5
159 6
159 7
159 8
159 9
159 40
159 41
159 45
159 46
159 47
159 48
159 63
160 4
160 5
160 6
160 7
160 8
160 9
160 40
160 41
160 57
160 58
160 59
160 60
161 4
161 5
161 6
161 7
161 8
161 9
161 45
161 46
161 47
161 48
161 82
162 4
162 5
162 6
162 7
162 8
162 9
162 40
162 41
162 63
163 4
163 5
163 6
163 7
163 8
163 9
163 40
163 41
163 126
163 57
163 58
163 59
163 60
163 130
164 4
164 5
164 6
164 7
164 8
164 9
164 124
164 57
164 58
164 59
164 60
165 4
165 5
165 6
165 7
165 8
165 9
165 32
165 34
165 40
165 41
165 67
166 4
166 5
166 6
166 7
166 8
166 9
166 61
166 62
167 4
167 5
167 6
167 7
167 8
167 9
167 38
167 68
167 69
168 4
168 5
168 6
168 7
168 8
168 9
168 74
168 42
168 43
168 57
168 58
168 59
168 60
168 63
168 71
169 4
169 5
169 6
169 7
169 8
169 9
169 32
169 38
169 45
169 46
169 47
169 48
169 49
169 50
170 4
170 5
170 6
170 7
170 8
170 9
170 45
170 46
170 47
170 48
170 57
170 58
170 59
170 60
170 63
171 4
171 5
171 6
171 7
171 8
171 9
171 74
171 63
97 4
97 5
97 6
97 7
97 8
97 9
172 4
172 5
172 6
172 7
172 8
172 9
172 32
172 38
172 42
172 43
172 68
172 69
173 4
173 5
173 6
173 7
173 8
173 9
174 4
174 5
174 6
174 7
174 8
174 9
174 32
174 38
174 68
174 69
175 4
175 5
175 6
175 7
175 8
175 9
175 39
175 63
176 4
176 5
176 6
176 7
176 8
176 9
177 4
177 5
177 6
177 7
177 8
177 9
177 32
177 35
177 38
177 42
177 43
177 63
177 68
177 69
178 4
178 5
178 6
178 7
178 8
178 9
178 74
178 119
178 40
178 41
178 124
178 57
178 58
178 59
178 60
178 63
179 4
179 5
179 6
179 7
179 8
179 9
180 4
180 5
180 6
180 7
180 8
180 9
181 4
181 5
181 6
181 7
181 8
181 9
181 74
182 4
182 5
182 6
182 7
182 8
182 9
182 74
182 57
182 58
182 59
182 60
182 63
99 4
99 5
99 6
99 7
99 8
99 9
99 63
183 4
183 5
183 6
183 7
183 8
183 9
183 77
184 4
184 5
184 6
184 7
184 8
184 9
184 125
185 4
185 5
185 6
185 7
185 8
185 9
186 4
186 5
186 6
186 7
186 8
186 9
186 129
187 4
187 5
187 6
187 7
187 8
187 9
187 125
187 63
188 4
188 5
188 6
188 7
188 8
188 9
189 4
189 5
189 6
189 7
189 8
189 9
189 45
189 46
189 47
189 48
189 130
190 4
190 5
190 6
190 7
190 8
190 9
190 45
190 46
190 47
190 48
190 63
191 4
191 5
191 6
191 7
191 8
191 9
191 45
191 46
191 47
191 48
191 57
191 58
191 59
191 60
191 63
192 4
192 5
192 6
192 7
192 8
192 9
193 4
193 5
193 6
193 7
193 8
193 9
194 4
194 5
194 6
194 7
194 8
194 9
195 4
195 5
195 6
195 7
195 8
195 9
195 124
195 63
196 4
196 5
196 6
196 7
196 8
196 9
196 63
197 4
197 5
197 6
197 7
197 8
197 9
198 4
198 5
198 6
198 7
198 8
198 9
199 4
199 5
199 6
199 7
199 8
199 9
199 74
200 4
200 5
200 6
200 7
200 8
200 9
200 32
201 4
201 5
201 6
201 7
201 8
201 9
201 42
201 43
202 4
202 5
202 6
202 7
202 8
202 9
202 63
203 4
203 5
203 6
203 7
203 8
203 9
204 4
204 5
204 6
204 7
204 8
204 9
204 40
204 41
205 4
205 5
205 6
205 7
205 8
205 9
206 4
206 5
206 6
206 7
206 8
206 9
206 123
207 4
207 5
207 6
207 7
207 8
207 9
208 4
208 5
208 6
208 7
208 8
208 9
209 4
209 5
209 6
209 7
209 8
209 9
210 4
210 5
210 6
210 7
210 8
210 9
211 4
211 5
211 6
211 7
211 8
211 9
211 35
211 212
213 4
213 5
213 6
213 7
213 8
213 9
214 4
214 5
214 6
214 7
214 8
214 9
215 4
215 5
215 6
215 7
215 8
215 9
215 63
216 4
216 5
216 6
216 7
216 8
216 9
216 38
217 4
217 5
217 6
217 7
217 8
217 9
218 4
218 5
218 6
218 7
218 8
218 9
219 4
219 5
219 6
219 7
219 8
219 9
101 102
101 63
220 77
221 84
115 74
115 119
115 38
115 49
115 50
115 63
222 74
223 74
224 34
225 35
225 131
226 38
226 68
226 69
227 38
228 93
229 121
230 40
230 41
108 44
108 63
231 78
231 63
232 233
234 126
234 63
235 236
237 128
238 57
238 58
238 59
238 60
239 57
239 58
239 59
239 60
240 57
240 58
240 59
240 60
241 63
242 63
243 63
244 63
245 63
246 63
247 67
248 68
248 69
249 68
249 69
250 71
251 137
252 138
253 158
