1 2
1 3
1 4
1 5
1 6
1 7
1 8
1 9
1 10
1 11
1 12
1 13
1 14
1 15
1 16
1 17
1 18
1 19
1 20
1 21
1 22
1 23
1 24
1 25
1 26
1 27
1 28
1 29
1 30
1 31
1 32
1 33
1 34
1 35
1 36
1 37
1 38
1 39
1 40
1 41
1 42
1 43
1 44
1 45
1 46
1 47
1 48
1 49
1 50
1 51
1 52
1 53
1 54
1 55
1 56
1 57
1 58
1 59
1 60
1 61
1 62
1 63
1 64
1 65
1 66
1 67
1 68
1 69
1 70
1 71
72 2
72 3
72 73
72 4
72 5
72 6
72 7
72 8
72 9
72 10
72 11
72 12
72 13
72 14
72 15
72 16
72 17
72 18
72 19
72 20
72 21
72 22
72 23
72 24
72 25
72 26
72 27
72 28
72 29
72 30
72 31
72 32
72 74
72 36
72 37
72 40
72 41
72 42
72 43
72 45
72 46
72 47
72 48
72 57
72 58
72 59
72 60
72 61
72 62
72 63
75 2
75 3
75 4
75 5
75 6
75 7
75 8
75 9
75 40
75 41
75 49
75 50
75 57
75 58
75 59
75 60
75 63
75 67
76 2
76 3
76 4
76 5
76 6
76 7
76 8
76 9
76 77
76 34
76 78
76 57
76 58
76 59
76 60
76 61
76 62
76 63
79 2
79 3
79 73
79 4
79 5
79 6
79 7
79 8
79 9
79 74
79 78
79 61
79 62
79 63
80 2
80 3
80 4
80 5
80 6
80 7
80 8
80 9
80 81
80 33
80 42
80 43
80 78
80 82
83 2
83 3
83 84
83 57
83 58
83 59
83 60
85 2
85 3
85 4
85 5
85 6
85 7
85 8
85 9
85 35
85 36
85 37
85 44
85 45
85 46
85 47
85 48
85 49
85 50
86 2
86 3
87 4
87 5
87 6
87 7
87 8
87 9
87 88
87 78
87 63
89 4
89 5
89 6
89 7
89 8
89 9
89 57
89 58
89 59
89 60
89 63
90 4
90 5
90 6
90 7
90 8
90 9
90 40
90 41
90 53
90 54
90 55
90 56
91 4
91 5
91 6
91 7
91 8
91 9
91 32
91 45
91 46
91 47
91 48
91 52
91 63
91 68
91 69
92 4
92 5
92 6
92 7
92 8
92 9
92 93
94 4
94 5
94 6
94 7
94 8
94 9
95 4
95 5
95 6
95 7
95 8
95 9
95 63
96 4
96 5
96 6
96 7
96 8
96 9
96 63
97 4
97 5
97 6
97 7
97 8
97 9
98 4
98 5
98 6
98 7
98 8
98 9
99 4
99 5
99 6
99 7
99 8
99 9
100 4
100 5
100 6
100 7
100 8
100 9
100 81
100 49
100 50
100 61
100 62
100 63
101 102
103 31
103 45
103 46
103 47
103 48
103 63
104 77
105 32
105 38
106 74
106 57
106 58
106 59
106 60
107 42
107 43
108 44
109 45
109 46
109 47
109 48
110 45
110 46
110 47
110 48
110 111
112 45
112 46
112 47
112 48
113 49
113 50
114 49
114 50
114 53
114 54
114 55
114 56
114 57
114 58
114 59
114 60
115 49
115 50
116 57
116 58
116 59
116 60
117 71
