1 2
1 3
1 4
1 5
1 6
1 7
1 8
1 9
1 32
1 74
1 35
1 38
1 40
1 41
1 42
1 43
1 45
1 46
1 47
1 48
1 49
1 50
1 78
1 51
1 57
1 58
1 59
1 60
1 61
1 62
1 63
1 67
1 68
1 69
72 2
72 3
72 4
72 5
72 6
72 7
72 8
72 9
72 36
72 37
72 40
72 41
72 42
72 43
72 45
72 46
72 47
72 48
72 124
72 78
72 57
72 58
72 59
72 60
72 61
72 62
72 63
75 2
75 3
75 4
75 5
75 6
75 7
75 8
75 9
75 57
75 58
75 59
75 60
75 63
76 2
76 3
76 4
76 5
76 6
76 7
76 8
76 9
76 77
76 57
76 58
76 59
76 60
76 63
106 4
106 5
106 6
106 7
106 8
106 9
106 74
106 119
106 63
79 2
79 3
79 4
79 5
79 6
79 7
79 8
79 9
79 40
79 41
79 78
79 57
79 58
79 59
79 60
79 63
87 4
87 5
87 6
87 7
87 8
87 9
89 4
89 5
89 6
89 7
89 8
89 9
89 57
89 58
89 59
89 60
89 63
113 4
113 5
113 6
113 7
113 8
113 9
113 132
113 133
90 53
90 54
90 55
90 56
80 81
80 35
80 42
80 43
80 78
91 68
91 69
85 4
85 5
85 6
85 7
85 8
85 9
85 63
103 2
103 3
103 4
103 5
103 6
103 7
103 8
103 9
103 63
94 2
94 3
94 4
94 5
94 6
94 7
94 8
94 9
94 77
94 35
94 40
94 41
94 42
94 43
94 82
95 4
95 5
95 6
95 7
95 8
95 9
117 124
117 71
114 57
114 58
114 59
114 60
114 63
105 32
105 38
105 63
92 4
92 5
92 6
92 7
92 8
92 9
