1 2
1 3
1 4
1 5
1 6
1 7
1 8
1 9
1 38
1 40
1 41
1 42
1 43
1 45
1 46
1 47
1 48
1 78
1 51
1 57
1 58
1 59
1 60
1 63
1 67
72 2
72 3
72 4
72 5
72 6
72 7
72 8
72 9
72 36
72 37
72 40
72 41
72 78
72 57
72 58
72 59
72 60
72 61
72 62
72 63
75 4
75 5
75 6
75 7
75 8
75 9
76 63
106 74
79 4
79 5
79 6
79 7
79 8
79 9
79 78
79 63
89 57
89 58
89 59
89 60
90 53
90 54
90 55
90 56
80 81
80 42
80 43
80 78
91 68
91 69
85 4
85 5
85 6
85 7
85 8
85 9
103 4
103 5
103 6
103 7
103 8
103 9
94 77
94 40
94 41
94 42
94 43
94 82
117 124
117 71
105 32
105 38
