1 2
1 3
1 73
1 4
1 5
1 6
1 7
1 8
1 9
1 31
1 88
1 77
1 32
1 74
1 34
1 119
1 35
1 38
1 39
1 40
1 41
1 122
1 42
1 43
1 44
1 45
1 46
1 47
1 48
1 124
1 49
1 50
1 78
1 125
1 51
1 52
1 128
1 53
1 54
1 55
1 56
1 57
1 58
1 59
1 60
1 61
1 62
1 63
1 64
1 65
1 66
1 67
1 68
1 69
1 82
1 132
1 133
1 71
72 2
72 3
72 73
72 4
72 5
72 6
72 7
72 8
72 9
72 10
72 11
72 12
72 13
72 14
72 15
72 16
72 17
72 18
72 19
72 20
72 21
72 22
72 23
72 24
72 25
72 26
72 27
72 28
72 29
72 30
72 31
72 81
72 32
72 74
72 35
72 36
72 37
72 38
72 40
72 41
72 42
72 43
72 45
72 46
72 47
72 48
72 124
72 49
72 50
72 78
72 51
72 53
72 54
72 55
72 56
72 57
72 58
72 59
72 60
72 61
72 62
72 63
72 64
72 65
72 66
72 67
72 68
72 69
72 82
72 71
75 2
75 3
75 4
75 5
75 6
75 7
75 8
75 9
75 77
75 32
75 74
75 38
75 40
75 41
75 42
75 43
75 45
75 46
75 47
75 48
75 124
75 49
75 50
75 78
75 57
75 58
75 59
75 60
75 63
75 67
75 71
76 2
76 3
76 4
76 5
76 6
76 7
76 8
76 9
76 77
76 74
76 38
76 42
76 43
76 45
76 46
76 47
76 48
76 126
76 51
76 57
76 58
76 59
76 60
76 63
76 68
76 69
106 2
106 3
106 4
106 5
106 6
106 7
106 8
106 9
106 74
106 119
106 120
106 38
106 121
106 111
106 57
106 58
106 59
106 60
106 63
106 67
106 68
106 69
79 2
79 3
79 4
79 5
79 6
79 7
79 8
79 9
79 77
79 32
79 74
79 34
79 119
79 35
79 38
79 40
79 41
79 42
79 43
79 45
79 46
79 47
79 48
79 124
79 78
79 51
79 52
79 57
79 58
79 59
79 60
79 61
79 62
79 63
79 67
79 132
79 133
87 2
87 3
87 73
87 4
87 5
87 6
87 7
87 8
87 9
87 32
87 36
87 37
87 40
87 41
87 45
87 46
87 47
87 48
87 127
87 63
87 68
87 69
89 2
89 3
89 4
89 5
89 6
89 7
89 8
89 9
89 49
89 50
89 78
89 57
89 58
89 59
89 60
89 61
89 62
89 63
113 2
113 3
113 4
113 5
113 6
113 7
113 8
113 9
113 74
113 63
113 68
113 69
113 132
113 133
90 2
90 3
90 73
90 4
90 5
90 6
90 7
90 8
90 9
90 32
90 40
90 41
90 124
90 53
90 54
90 55
90 56
90 57
90 58
90 59
90 60
90 63
90 67
80 2
80 3
80 4
80 5
80 6
80 7
80 8
80 9
80 81
80 35
80 122
80 42
80 43
80 45
80 46
80 47
80 48
80 78
80 57
80 58
80 59
80 60
80 63
80 82
80 134
91 2
91 3
91 4
91 5
91 6
91 7
91 8
91 9
91 32
91 34
91 38
91 40
91 41
91 45
91 46
91 47
91 48
91 52
91 57
91 58
91 59
91 60
91 63
91 68
91 69
85 2
85 3
85 4
85 5
85 6
85 7
85 8
85 9
85 74
85 38
85 40
85 41
85 42
85 43
85 45
85 46
85 47
85 48
85 78
85 57
85 58
85 59
85 60
85 63
85 67
85 68
85 69
103 2
103 3
103 4
103 5
103 6
103 7
103 8
103 9
103 32
103 40
103 41
103 57
103 58
103 59
103 60
103 63
141 2
141 3
141 4
141 5
141 6
141 7
141 8
141 9
94 2
94 3
94 73
94 4
94 5
94 6
94 7
94 8
94 9
94 88
94 77
94 33
94 35
94 38
94 39
94 40
94 41
94 122
94 42
94 43
94 45
94 46
94 47
94 48
94 49
94 50
94 78
94 63
94 82
94 134
94 212
95 2
95 3
95 4
95 5
95 6
95 7
95 8
95 9
95 42
95 43
95 45
95 46
95 47
95 48
95 63
117 2
117 3
117 4
117 5
117 6
117 7
117 8
117 9
117 35
117 42
117 43
117 124
117 57
117 58
117 59
117 60
117 63
117 71
114 2
114 3
114 49
114 50
114 57
114 58
114 59
114 60
114 63
114 67
114 68
114 69
116 2
116 3
116 4
116 5
116 6
116 7
116 8
116 9
116 32
116 124
116 61
116 62
116 63
164 2
164 3
170 2
170 3
170 51
170 61
170 62
170 63
105 4
105 5
105 6
105 7
105 8
105 9
105 32
105 35
105 38
105 42
105 43
105 125
105 57
105 58
105 59
105 60
105 63
105 68
105 69
83 4
83 5
83 6
83 7
83 8
83 9
83 88
83 84
83 57
83 58
83 59
83 60
83 63
92 4
92 5
92 6
92 7
92 8
92 9
92 93
92 45
92 46
92 47
92 48
92 57
92 58
92 59
92 60
92 63
142 4
142 5
142 6
142 7
142 8
142 9
142 40
142 41
142 45
142 46
142 47
142 48
142 63
96 4
96 5
96 6
96 7
96 8
96 9
96 63
104 4
104 5
104 6
104 7
104 8
104 9
161 4
161 5
161 6
161 7
161 8
161 9
109 4
109 5
109 6
109 7
109 8
109 9
109 40
109 41
110 4
110 5
110 6
110 7
110 8
110 9
165 4
165 5
165 6
165 7
165 8
165 9
167 4
167 5
167 6
167 7
167 8
167 9
86 4
86 5
86 6
86 7
86 8
86 9
146 4
146 5
146 6
146 7
146 8
146 9
146 42
146 43
182 4
182 5
182 6
182 7
182 8
182 9
99 4
99 5
99 6
99 7
99 8
99 9
152 4
152 5
152 6
152 7
152 8
152 9
247 4
247 5
247 6
247 7
247 8
247 9
196 4
196 5
196 6
196 7
196 8
196 9
196 57
196 58
196 59
196 60
153 4
153 5
153 6
153 7
153 8
153 9
153 49
153 50
199 4
199 5
199 6
199 7
199 8
199 9
199 74
112 4
112 5
112 6
112 7
112 8
112 9
276 4
276 5
276 6
276 7
276 8
276 9
115 74
115 119
115 36
115 37
108 44
177 78
163 126
163 130
143 127
145 57
145 58
145 59
145 60
183 57
183 58
183 59
183 60
101 57
101 58
101 59
101 60
157 63
157 68
157 69
277 63
188 63
258 63
217 63
278 63
159 67
251 137
252 138
