1 2
1 3
1 4
1 5
1 6
1 7
1 8
1 9
1 77
1 74
1 35
1 40
1 41
1 42
1 43
1 51
1 57
1 58
1 59
1 60
1 63
1 67
72 2
72 3
72 4
72 5
72 6
72 7
72 8
72 9
72 40
72 41
72 45
72 46
72 47
72 48
72 57
72 58
72 59
72 60
72 63
75 4
75 5
75 6
75 7
75 8
75 9
75 63
76 2
76 3
76 4
76 5
76 6
76 7
76 8
76 9
76 77
76 63
106 4
106 5
106 6
106 7
106 8
106 9
106 74
106 111
79 4
79 5
79 6
79 7
79 8
79 9
79 52
79 63
87 4
87 5
87 6
87 7
87 8
87 9
87 57
87 58
87 59
87 60
87 63
113 132
113 133
90 4
90 5
90 6
90 7
90 8
90 9
80 4
80 5
80 6
80 7
80 8
80 9
80 81
80 35
80 42
80 43
80 78
80 82
80 134
83 84
91 45
91 46
91 47
91 48
91 68
91 69
85 4
85 5
85 6
85 7
85 8
85 9
85 63
103 4
103 5
103 6
103 7
103 8
103 9
103 63
117 71
105 140
105 32
105 38
89 4
89 5
89 6
89 7
89 8
89 9
163 126
