1 2
1 3
1 140
1 73
1 4
1 5
1 6
1 7
1 8
1 9
1 10
1 11
1 12
1 13
1 14
1 15
1 16
1 17
1 18
1 19
1 20
1 21
1 22
1 23
1 24
1 25
1 26
1 27
1 28
1 29
1 30
1 31
1 81
1 88
1 77
1 32
1 84
1 74
1 34
1 35
1 36
1 37
1 120
1 38
1 93
1 121
1 39
1 40
1 41
1 122
1 42
1 43
1 44
1 45
1 46
1 47
1 48
1 124
1 49
1 50
1 78
1 233
1 125
1 126
1 111
1 51
1 236
1 52
1 53
1 54
1 55
1 56
1 129
1 57
1 58
1 59
1 60
1 61
1 62
1 63
1 131
1 64
1 65
1 66
1 67
1 68
1 69
1 82
1 70
1 132
1 133
1 134
1 71
72 2
72 3
72 73
72 4
72 5
72 6
72 7
72 8
72 9
72 10
72 11
72 12
72 13
72 14
72 15
72 16
72 17
72 18
72 19
72 20
72 21
72 22
72 23
72 24
72 25
72 26
72 27
72 28
72 29
72 30
72 31
72 81
72 88
72 77
72 32
72 84
72 74
72 34
72 35
72 36
72 37
72 38
72 39
72 40
72 41
72 42
72 43
72 45
72 46
72 47
72 48
72 124
72 49
72 50
72 78
72 126
72 111
72 51
72 52
72 57
72 58
72 59
72 60
72 61
72 62
72 63
72 130
72 131
72 64
72 65
72 66
72 67
72 68
72 69
72 82
72 70
72 132
72 133
72 134
72 71
75 2
75 3
75 4
75 5
75 6
75 7
75 8
75 9
75 77
75 74
75 34
75 35
75 36
75 37
75 38
75 39
75 40
75 41
75 42
75 43
75 45
75 46
75 47
75 48
75 49
75 50
75 57
75 58
75 59
75 60
75 63
75 64
75 65
75 66
75 67
75 71
76 2
76 3
76 140
76 4
76 5
76 6
76 7
76 8
76 9
76 77
76 32
76 33
76 84
76 74
76 35
76 38
76 40
76 41
76 42
76 43
76 124
76 78
76 126
76 51
76 52
76 127
76 53
76 54
76 55
76 56
76 57
76 58
76 59
76 60
76 63
76 67
76 68
76 69
76 82
76 70
106 2
106 3
106 4
106 5
106 6
106 7
106 8
106 9
106 77
106 84
106 74
106 119
106 35
106 120
106 38
106 121
106 40
106 41
106 122
106 42
106 43
106 49
106 50
106 111
106 52
106 63
106 137
106 139
79 2
79 3
79 73
79 4
79 5
79 6
79 7
79 8
79 9
79 77
79 32
79 84
79 74
79 35
79 38
79 93
79 40
79 41
79 42
79 43
79 124
79 49
79 50
79 78
79 52
79 127
79 57
79 58
79 59
79 60
79 63
79 64
79 65
79 66
79 67
79 68
79 69
79 132
79 133
79 158
87 2
87 3
87 4
87 5
87 6
87 7
87 8
87 9
87 32
87 36
87 37
87 38
87 40
87 41
87 42
87 43
87 124
87 78
87 129
87 57
87 58
87 59
87 60
87 63
87 68
87 69
113 2
113 3
113 4
113 5
113 6
113 7
113 8
113 9
113 74
113 40
113 41
113 78
113 51
113 52
113 63
113 70
113 132
113 133
90 2
90 3
90 4
90 5
90 6
90 7
90 8
90 9
90 77
90 32
90 35
90 40
90 41
90 42
90 43
90 78
90 53
90 54
90 55
90 56
90 63
90 67
90 70
80 2
80 3
80 4
80 5
80 6
80 7
80 8
80 9
80 81
80 77
80 33
80 118
80 35
80 40
80 41
80 122
80 42
80 43
80 78
80 233
80 57
80 58
80 59
80 60
80 63
80 82
80 134
83 2
83 3
83 4
83 5
83 6
83 7
83 8
83 9
83 88
83 84
83 35
83 38
83 121
83 42
83 43
83 45
83 46
83 47
83 48
83 57
83 58
83 59
83 60
83 63
83 67
91 2
91 3
91 140
91 4
91 5
91 6
91 7
91 8
91 9
91 77
91 32
91 38
91 40
91 41
91 42
91 43
91 45
91 46
91 47
91 48
91 63
91 68
91 69
91 82
92 2
92 3
92 4
92 5
92 6
92 7
92 8
92 9
92 77
92 32
92 74
92 93
92 45
92 46
92 47
92 48
92 126
92 57
92 58
92 59
92 60
92 63
92 68
92 69
85 2
85 3
85 73
85 4
85 5
85 6
85 7
85 8
85 9
85 74
85 35
85 40
85 41
85 42
85 43
85 44
85 45
85 46
85 47
85 48
85 63
103 2
103 3
103 4
103 5
103 6
103 7
103 8
103 9
103 31
103 77
103 32
103 33
103 35
103 40
103 41
103 42
103 43
103 124
103 78
103 51
103 52
103 57
103 58
103 59
103 60
103 63
103 64
103 65
103 66
103 67
103 82
103 70
94 2
94 3
94 4
94 5
94 6
94 7
94 8
94 9
94 40
94 41
94 78
94 51
94 63
95 2
95 3
95 4
95 5
95 6
95 7
95 8
95 9
95 77
95 42
95 43
95 63
95 67
117 2
117 3
117 42
117 43
117 124
117 63
117 71
96 2
96 3
96 140
96 4
96 5
96 6
96 7
96 8
96 9
96 33
96 34
96 40
96 41
96 42
96 43
96 129
96 61
96 62
96 63
96 68
96 69
96 82
116 2
116 3
116 140
116 4
116 5
116 6
116 7
116 8
116 9
116 77
116 32
116 38
116 78
116 126
116 63
116 68
116 69
162 2
162 3
162 4
162 5
162 6
162 7
162 8
162 9
162 40
162 41
162 42
162 43
162 63
166 2
166 3
166 4
166 5
166 6
166 7
166 8
166 9
170 2
170 3
170 4
170 5
170 6
170 7
170 8
170 9
170 63
178 2
178 3
178 4
178 5
178 6
178 7
178 8
178 9
178 67
201 2
201 3
201 4
201 5
201 6
201 7
201 8
201 9
254 2
254 3
255 2
255 3
256 2
256 3
105 140
105 4
105 5
105 6
105 7
105 8
105 9
105 32
105 38
105 45
105 46
105 47
105 48
105 78
105 57
105 58
105 59
105 60
105 61
105 62
105 63
105 68
105 69
105 82
226 140
226 38
226 68
226 69
226 82
174 140
174 82
248 140
248 63
89 4
89 5
89 6
89 7
89 8
89 9
89 74
89 35
89 40
89 41
89 42
89 43
89 45
89 46
89 47
89 48
89 57
89 58
89 59
89 60
89 63
89 68
89 69
141 4
141 5
141 6
141 7
141 8
141 9
141 42
141 43
141 63
142 4
142 5
142 6
142 7
142 8
142 9
142 40
142 41
142 42
142 43
142 57
142 58
142 59
142 60
142 67
143 4
143 5
143 6
143 7
143 8
143 9
143 127
143 68
143 69
114 4
114 5
114 6
114 7
114 8
114 9
114 32
114 74
114 40
114 41
114 49
114 50
114 57
114 58
114 59
114 60
114 63
114 64
114 65
114 66
104 4
104 5
104 6
104 7
104 8
104 9
104 57
104 58
104 59
104 60
157 4
157 5
157 6
157 7
157 8
157 9
157 158
160 4
160 5
160 6
160 7
160 8
160 9
160 35
160 63
161 4
161 5
161 6
161 7
161 8
161 9
161 40
161 41
161 63
107 4
107 5
107 6
107 7
107 8
107 9
109 4
109 5
109 6
109 7
109 8
109 9
109 32
109 63
110 4
110 5
110 6
110 7
110 8
110 9
110 45
110 46
110 47
110 48
110 111
110 63
163 4
163 5
163 6
163 7
163 8
163 9
163 45
163 46
163 47
163 48
163 126
163 63
163 130
163 68
163 69
145 4
145 5
145 6
145 7
145 8
145 9
145 63
164 4
164 5
164 6
164 7
164 8
164 9
164 40
164 41
165 4
165 5
165 6
165 7
165 8
165 9
165 77
165 78
165 63
168 4
168 5
168 6
168 7
168 8
168 9
169 4
169 5
169 6
169 7
169 8
169 9
86 4
86 5
86 6
86 7
86 8
86 9
86 45
86 46
86 47
86 48
86 78
86 67
171 4
171 5
171 6
171 7
171 8
171 9
97 4
97 5
97 6
97 7
97 8
97 9
97 88
97 63
172 4
172 5
172 6
172 7
172 8
172 9
172 77
172 32
172 38
172 63
172 68
172 69
146 4
146 5
146 6
146 7
146 8
146 9
146 74
173 4
173 5
173 6
173 7
173 8
173 9
173 45
173 46
173 47
173 48
173 63
147 4
147 5
147 6
147 7
147 8
147 9
147 77
98 4
98 5
98 6
98 7
98 8
98 9
179 4
179 5
179 6
179 7
179 8
179 9
182 4
182 5
182 6
182 7
182 8
182 9
150 4
150 5
150 6
150 7
150 8
150 9
257 4
257 5
257 6
257 7
257 8
257 9
184 4
184 5
184 6
184 7
184 8
184 9
185 4
185 5
185 6
185 7
185 8
185 9
185 42
185 43
108 4
108 5
108 6
108 7
108 8
108 9
108 44
108 63
186 4
186 5
186 6
186 7
186 8
186 9
186 78
186 63
187 4
187 5
187 6
187 7
187 8
187 9
187 125
234 4
234 5
234 6
234 7
234 8
234 9
192 4
192 5
192 6
192 7
192 8
192 9
247 4
247 5
247 6
247 7
247 8
247 9
258 4
258 5
258 6
258 7
258 8
258 9
198 4
198 5
198 6
198 7
198 8
198 9
259 4
259 5
259 6
259 7
259 8
259 9
260 4
260 5
260 6
260 7
260 8
260 9
260 63
243 4
243 5
243 6
243 7
243 8
243 9
261 4
261 5
261 6
261 7
261 8
261 9
205 4
205 5
205 6
205 7
205 8
205 9
205 45
205 46
205 47
205 48
262 4
262 5
262 6
262 7
262 8
262 9
263 4
263 5
263 6
263 7
263 8
263 9
264 4
264 5
264 6
264 7
264 8
264 9
265 4
265 5
265 6
265 7
265 8
265 9
265 57
265 58
265 59
265 60
266 4
266 5
266 6
266 7
266 8
266 9
101 102
239 88
267 77
177 32
177 35
177 68
177 69
227 32
268 84
269 84
115 74
115 38
115 63
181 74
270 74
99 35
99 45
99 46
99 47
99 48
99 63
99 68
99 69
180 38
229 121
159 40
159 41
159 45
159 46
159 47
159 48
176 42
176 43
271 42
271 43
272 42
272 43
232 233
237 128
144 57
144 58
144 59
144 60
183 61
183 62
183 63
156 63
273 63
274 63
225 131
167 68
167 69
275 68
275 69
251 137
211 212
