1 2
1 3
1 4
1 5
1 6
1 7
1 8
1 9
1 77
1 74
1 35
1 38
1 40
1 41
1 42
1 43
1 45
1 46
1 47
1 48
1 78
1 51
1 57
1 58
1 59
1 60
1 63
1 67
1 68
1 69
1 82
72 2
72 3
72 4
72 5
72 6
72 7
72 8
72 9
72 36
72 37
72 40
72 41
72 42
72 43
72 45
72 46
72 47
72 48
72 57
72 58
72 59
72 60
72 63
72 67
72 68
72 69
75 4
75 5
75 6
75 7
75 8
75 9
75 45
75 46
75 47
75 48
75 57
75 58
75 59
75 60
75 63
76 2
76 3
76 4
76 5
76 6
76 7
76 8
76 9
76 77
76 40
76 41
76 42
76 43
76 63
76 82
106 4
106 5
106 6
106 7
106 8
106 9
106 84
106 74
106 120
106 111
106 63
79 4
79 5
79 6
79 7
79 8
79 9
79 78
79 52
79 63
87 2
87 3
87 4
87 5
87 6
87 7
87 8
87 9
87 36
87 37
87 57
87 58
87 59
87 60
87 63
113 132
113 133
90 4
90 5
90 6
90 7
90 8
90 9
90 77
90 63
80 4
80 5
80 6
80 7
80 8
80 9
80 81
80 35
80 42
80 43
80 78
80 82
80 134
83 4
83 5
83 6
83 7
83 8
83 9
83 88
83 84
91 38
91 45
91 46
91 47
91 48
91 68
91 69
92 4
92 5
92 6
92 7
92 8
92 9
85 4
85 5
85 6
85 7
85 8
85 9
85 63
103 2
103 3
103 4
103 5
103 6
103 7
103 8
103 9
103 63
94 4
94 5
94 6
94 7
94 8
94 9
95 4
95 5
95 6
95 7
95 8
95 9
117 71
96 4
96 5
96 6
96 7
96 8
96 9
116 4
116 5
116 6
116 7
116 8
116 9
105 140
105 32
105 38
105 68
105 69
89 4
89 5
89 6
89 7
89 8
89 9
89 63
142 4
142 5
142 6
142 7
142 8
142 9
163 126
101 102
