1 2 3 4 5 6 7 8 9 31 77 32 74 35 38 40 41 42 43 45 46 47 48 124 49 50 78 51 57 58 59 60 61 62 63 67 68 69 82 70 71 
2 1 72 75 76 90 91 103 155 
3 1 72 75 76 90 91 103 155 
4 1 72 75 76 106 79 87 89 90 80 83 91 92 85 103 94 142 95 96 116 107 151 114 
5 1 72 75 76 106 79 87 89 90 80 83 91 92 85 103 94 142 95 96 116 107 151 114 
6 1 72 75 76 106 79 87 89 90 80 83 91 92 85 103 94 142 95 96 116 107 151 114 
7 1 72 75 76 106 79 87 89 90 80 83 91 92 85 103 94 142 95 96 116 107 151 114 
8 1 72 75 76 106 79 87 89 90 80 83 91 92 85 103 94 142 95 96 116 107 151 114 
9 1 72 75 76 106 79 87 89 90 80 83 91 92 85 103 94 142 95 96 116 107 151 114 
10 72 
11 72 
12 72 
13 72 
14 72 
15 72 
16 72 
17 72 
18 72 
19 72 
20 72 
21 72 
22 72 
23 72 
24 72 
25 72 
26 72 
27 72 
28 72 
29 72 
30 72 
31 1 72 
32 1 105 91 
33 80 
34 91 
35 1 80 177 
36 72 
37 72 
38 1 105 91 
39 175 
40 1 72 76 90 
41 1 72 76 90 
42 1 72 76 80 
43 1 72 76 80 
44 108 
45 1 72 75 91 
46 1 72 75 91 
47 1 72 75 91 
48 1 72 75 91 
49 1 114 
50 1 114 
51 1 
52 72 79 
53 90 114 
54 90 114 
55 90 114 
56 90 114 
57 1 72 75 107 
58 1 72 75 107 
59 1 72 75 107 
60 1 72 75 107 
61 1 72 
62 1 72 
63 1 72 75 76 106 79 87 89 90 80 105 83 91 85 103 116 157 
64 114 
65 114 
66 114 
67 1 72 76 98 
68 1 72 105 83 91 
69 1 72 105 83 91 
70 1 
71 1 83 117 
72 2 3 4 5 6 7 8 9 10 11 12 13 14 15 16 17 18 19 20 21 22 23 24 25 26 27 28 29 30 31 88 74 36 37 40 41 42 43 45 46 47 48 52 57 58 59 60 61 62 63 67 68 69 
73 79 
74 1 72 75 106 83 
75 2 3 4 5 6 7 8 9 74 45 46 47 48 57 58 59 60 63 
76 2 3 4 5 6 7 8 9 77 40 41 42 43 63 67 
77 1 76 90 
78 1 79 80 
79 73 4 5 6 7 8 9 78 52 63 
80 4 5 6 7 8 9 81 33 118 35 122 42 43 78 63 82 134 135 
81 80 
82 1 80 
83 4 5 6 7 8 9 88 84 74 63 68 69 71 
84 106 83 
85 4 5 6 7 8 9 63 
87 4 5 6 7 8 9 63 
88 72 83 
89 4 5 6 7 8 9 63 
90 2 3 4 5 6 7 8 9 77 40 41 53 54 55 56 63 
91 2 3 4 5 6 7 8 9 32 34 38 45 46 47 48 63 68 69 136 
92 4 5 6 7 8 9 
93 228 
94 4 5 6 7 8 9 
95 4 5 6 7 8 9 
96 4 5 6 7 8 9 
98 67 
101 102 
102 101 
103 2 3 4 5 6 7 8 9 63 
105 140 32 38 63 68 69 
106 4 5 6 7 8 9 84 74 119 120 111 63 139 
107 4 5 6 7 8 9 57 58 59 60 
108 44 
111 106 
113 132 133 
114 4 5 6 7 8 9 49 50 53 54 55 56 64 65 66 
116 4 5 6 7 8 9 63 
117 124 71 
118 80 
119 106 
120 106 
121 229 
122 80 
123 206 
124 1 117 
125 187 
126 163 
127 143 
128 237 
129 186 
130 163 
131 225 
132 113 
133 113 
134 80 
135 80 
136 91 
137 251 
138 252 
139 106 
140 105 
142 4 5 6 7 8 9 
143 127 
151 4 5 6 7 8 9 
155 2 3 
157 63 
158 253 
163 126 130 
175 39 
177 35 
186 129 
187 125 
206 123 
211 212 
212 211 
225 131 
228 93 
229 121 
232 233 
233 232 
235 236 
236 235 
237 128 
251 137 
252 138 
253 158 
