1 2 3 73 4 5 6 7 8 9 102 31 81 88 77 32 33 118 84 74 34 119 35 36 37 120 38 93 121 39 40 41 122 123 42 43 44 45 46 47 48 124 49 50 78 125 126 111 51 52 127 128 53 54 55 56 129 57 58 59 60 61 62 63 130 131 64 65 66 67 68 69 82 70 132 133 134 135 136 71 
2 1 72 75 76 106 79 87 89 113 90 80 105 83 91 92 85 103 141 94 142 95 117 143 96 116 144 104 107 109 110 145 86 146 147 98 148 149 150 151 152 153 154 155 
3 1 72 75 76 106 79 87 89 113 90 80 105 83 91 92 85 103 141 94 142 95 117 143 96 116 144 104 107 109 110 145 86 146 147 98 148 149 150 151 152 153 154 155 
4 1 72 75 76 106 79 87 89 113 90 80 105 83 91 92 85 103 141 94 142 95 117 143 96 116 144 104 107 109 110 145 86 146 147 98 149 150 151 152 153 156 114 157 159 160 161 162 163 164 165 166 167 168 169 170 171 97 172 173 174 175 176 177 178 179 180 181 182 99 183 184 185 186 187 188 189 190 191 192 193 194 195 196 197 198 199 200 201 202 203 204 205 206 207 208 209 210 211 213 214 215 216 217 218 219 
5 1 72 75 76 106 79 87 89 113 90 80 105 83 91 92 85 103 141 94 142 95 117 143 96 116 144 104 107 109 110 145 86 146 147 98 149 150 151 152 153 156 114 157 159 160 161 162 163 164 165 166 167 168 169 170 171 97 172 173 174 175 176 177 178 179 180 181 182 99 183 184 185 186 187 188 189 190 191 192 193 194 195 196 197 198 199 200 201 202 203 204 205 206 207 208 209 210 211 213 214 215 216 217 218 219 
6 1 72 75 76 106 79 87 89 113 90 80 105 83 91 92 85 103 141 94 142 95 117 143 96 116 144 104 107 109 110 145 86 146 147 98 149 150 151 152 153 156 114 157 159 160 161 162 163 164 165 166 167 168 169 170 171 97 172 173 174 175 176 177 178 179 180 181 182 99 183 184 185 186 187 188 189 190 191 192 193 194 195 196 197 198 199 200 201 202 203 204 205 206 207 208 209 210 211 213 214 215 216 217 218 219 
7 1 72 75 76 106 79 87 89 113 90 80 105 83 91 92 85 103 141 94 142 95 117 143 96 116 144 104 107 109 110 145 86 146 147 98 149 150 151 152 153 156 114 157 159 160 161 162 163 164 165 166 167 168 169 170 171 97 172 173 174 175 176 177 178 179 180 181 182 99 183 184 185 186 187 188 189 190 191 192 193 194 195 196 197 198 199 200 201 202 203 204 205 206 207 208 209 210 211 213 214 215 216 217 218 219 
8 1 72 75 76 106 79 87 89 113 90 80 105 83 91 92 85 103 141 94 142 95 117 143 96 116 144 104 107 109 110 145 86 146 147 98 149 150 151 152 153 156 114 157 159 160 161 162 163 164 165 166 167 168 169 170 171 97 172 173 174 175 176 177 178 179 180 181 182 99 183 184 185 186 187 188 189 190 191 192 193 194 195 196 197 198 199 200 201 202 203 204 205 206 207 208 209 210 211 213 214 215 216 217 218 219 
9 1 72 75 76 106 79 87 89 113 90 80 105 83 91 92 85 103 141 94 142 95 117 143 96 116 144 104 107 109 110 145 86 146 147 98 149 150 151 152 153 156 114 157 159 160 161 162 163 164 165 166 167 168 169 170 171 97 172 173 174 175 176 177 178 179 180 181 182 99 183 184 185 186 187 188 189 190 191 192 193 194 195 196 197 198 199 200 201 202 203 204 205 206 207 208 209 210 211 213 214 215 216 217 218 219 
10 72 75 96 
11 72 75 96 
12 72 75 96 
13 72 75 96 
14 72 75 96 
15 72 75 96 
16 72 75 96 
17 72 75 96 
18 72 75 96 
19 72 75 96 
20 72 75 96 
21 72 75 96 
22 72 75 96 
23 72 75 96 
24 72 75 96 
25 72 75 96 
26 72 75 96 
27 72 75 96 
28 72 75 96 
29 72 75 96 
30 72 75 96 
31 1 72 90 103 104 
32 1 72 75 79 87 89 105 91 85 103 94 143 96 116 104 109 114 165 169 172 174 177 200 
33 1 76 80 
34 1 72 87 91 85 117 165 224 
35 1 72 75 76 106 90 80 105 83 85 103 142 96 107 157 177 211 225 
36 1 72 
37 1 72 
38 1 72 75 76 79 87 89 113 80 105 83 91 92 103 94 95 143 116 104 157 167 169 172 174 177 216 115 226 227 
39 1 103 175 
40 1 72 75 76 106 79 87 89 113 90 80 105 83 91 92 85 103 94 142 95 96 116 86 149 151 114 157 159 160 162 163 165 178 204 230 
41 1 72 75 76 106 79 87 89 113 90 80 105 83 91 92 85 103 94 142 95 96 116 86 149 151 114 157 159 160 162 163 165 178 204 230 
42 1 72 75 76 106 79 87 89 90 80 83 91 92 85 103 94 95 117 96 116 107 109 157 168 172 177 201 
43 1 72 75 76 106 79 87 89 90 80 83 91 92 85 103 94 95 117 96 116 107 109 157 168 172 177 201 
44 1 72 108 
45 1 72 75 79 87 90 91 85 95 109 110 86 114 157 159 161 169 170 189 190 191 
46 1 72 75 79 87 90 91 85 95 109 110 86 114 157 159 161 169 170 189 190 191 
47 1 72 75 79 87 90 91 85 95 109 110 86 114 157 159 161 169 170 189 190 191 
48 1 72 75 79 87 90 91 85 95 109 110 86 114 157 159 161 169 170 189 190 191 
49 1 72 75 76 79 85 142 114 157 169 115 
50 1 72 75 76 79 85 142 114 157 169 115 
51 1 72 90 150 
52 1 72 75 76 106 79 91 114 
53 1 72 76 90 83 114 
54 1 72 76 90 83 114 
55 1 72 76 90 83 114 
56 1 72 76 90 83 114 
57 1 72 75 76 106 79 87 89 90 80 105 83 91 92 85 103 94 142 95 96 116 104 107 109 86 146 147 98 152 156 114 157 160 163 164 168 170 178 182 191 238 239 240 
58 1 72 75 76 106 79 87 89 90 80 105 83 91 92 85 103 94 142 95 96 116 104 107 109 86 146 147 98 152 156 114 157 160 163 164 168 170 178 182 191 238 239 240 
59 1 72 75 76 106 79 87 89 90 80 105 83 91 92 85 103 94 142 95 96 116 104 107 109 86 146 147 98 152 156 114 157 160 163 164 168 170 178 182 191 238 239 240 
60 1 72 75 76 106 79 87 89 90 80 105 83 91 92 85 103 94 142 95 96 116 104 107 109 86 146 147 98 152 156 114 157 160 163 164 168 170 178 182 191 238 239 240 
61 1 72 75 79 105 83 85 95 166 
62 1 72 75 79 105 83 85 95 166 
63 1 72 75 76 106 79 87 89 113 90 80 105 83 91 92 85 103 141 94 142 95 117 143 96 116 104 107 109 110 145 86 146 98 149 150 151 153 154 156 114 157 159 162 168 170 171 175 177 178 182 99 187 190 191 195 196 202 215 101 115 108 231 234 241 242 243 244 245 246 
64 1 72 76 85 114 
65 1 72 76 85 114 
66 1 72 76 85 114 
67 1 72 75 76 106 79 90 80 105 92 85 103 94 96 104 107 98 114 165 247 
68 1 72 75 76 79 87 89 90 80 105 83 91 85 103 94 95 143 116 104 157 167 172 174 177 226 248 249 
69 1 72 75 76 79 87 89 90 80 105 83 91 85 103 94 95 143 116 104 157 167 172 174 177 226 248 249 
70 1 72 76 103 
71 1 72 75 106 87 83 92 85 117 96 168 250 
72 2 3 73 4 5 6 7 8 9 10 11 12 13 14 15 16 17 18 19 20 21 22 23 24 25 26 27 28 29 30 31 88 77 32 84 74 34 35 36 37 38 93 121 40 41 122 42 43 44 45 46 47 48 124 49 50 78 51 52 53 54 55 56 57 58 59 60 61 62 63 130 131 64 65 66 67 68 69 82 70 132 133 134 71 137 138 
73 1 72 79 89 92 94 
74 1 72 75 76 106 79 87 89 113 90 80 83 91 92 85 103 94 95 143 116 104 107 110 86 146 114 157 168 171 178 181 182 199 115 222 223 
75 2 3 4 5 6 7 8 9 10 11 12 13 14 15 16 17 18 19 20 21 22 23 24 25 26 27 28 29 30 77 32 74 119 35 38 121 40 41 42 43 45 46 47 48 124 49 50 78 126 52 128 57 58 59 60 61 62 63 67 68 69 71 137 
76 2 3 4 5 6 7 8 9 88 77 33 74 35 38 121 40 41 42 43 124 49 50 78 52 53 54 55 56 57 58 59 60 63 64 65 66 67 68 69 82 70 
77 1 72 75 76 106 79 90 105 91 103 94 114 183 220 
78 1 72 75 76 79 89 90 80 83 85 94 142 117 116 231 
79 2 3 73 4 5 6 7 8 9 88 77 32 84 74 119 38 40 41 42 43 45 46 47 48 49 50 78 52 57 58 59 60 61 62 63 67 68 69 132 133 137 
80 2 3 4 5 6 7 8 9 81 33 118 74 35 38 40 41 122 42 43 124 78 57 58 59 60 63 131 67 68 69 82 134 135 
81 1 80 85 
82 1 72 76 90 80 91 116 157 161 
83 2 3 4 5 6 7 8 9 88 84 74 35 38 40 41 42 43 78 127 53 54 55 56 57 58 59 60 61 62 63 68 69 71 137 
84 1 72 106 79 83 157 221 
85 2 3 4 5 6 7 8 9 81 88 32 74 34 119 35 40 41 42 43 45 46 47 48 49 50 78 57 58 59 60 61 62 63 64 65 66 67 68 69 71 
86 2 3 4 5 6 7 8 9 74 40 41 45 46 47 48 57 58 59 60 63 
87 2 3 4 5 6 7 8 9 32 74 34 38 40 41 42 43 45 46 47 48 124 127 129 57 58 59 60 63 68 69 71 
88 1 72 76 79 90 83 85 94 142 104 146 157 
89 2 3 73 4 5 6 7 8 9 32 74 38 40 41 42 43 78 127 57 58 59 60 63 68 69 
90 2 3 4 5 6 7 8 9 31 88 77 74 35 40 41 42 43 45 46 47 48 78 126 51 53 54 55 56 129 57 58 59 60 63 67 68 69 82 
91 2 3 140 4 5 6 7 8 9 77 32 74 34 38 40 41 42 43 45 46 47 48 125 126 52 57 58 59 60 63 68 69 82 136 
92 2 3 73 4 5 6 7 8 9 74 38 93 40 41 42 43 57 58 59 60 63 67 71 
93 1 72 92 157 228 
94 2 3 73 4 5 6 7 8 9 88 77 32 74 38 40 41 42 43 78 57 58 59 60 63 67 68 69 
95 2 3 4 5 6 7 8 9 74 38 40 41 42 43 45 46 47 48 57 58 59 60 61 62 63 68 69 
96 2 3 4 5 6 7 8 9 10 11 12 13 14 15 16 17 18 19 20 21 22 23 24 25 26 27 28 29 30 32 35 40 41 122 42 43 57 58 59 60 63 67 71 
97 4 5 6 7 8 9 
98 2 3 4 5 6 7 8 9 57 58 59 60 63 67 
99 4 5 6 7 8 9 63 
101 102 63 
102 1 101 
103 2 3 4 5 6 7 8 9 31 77 32 74 35 38 121 39 40 41 42 43 57 58 59 60 63 67 68 69 70 137 
104 2 3 4 5 6 7 8 9 31 88 32 74 38 57 58 59 60 63 67 68 69 
105 2 3 140 4 5 6 7 8 9 77 32 35 38 40 41 57 58 59 60 61 62 63 67 68 69 
106 2 3 4 5 6 7 8 9 77 84 74 119 35 120 121 40 41 42 43 124 111 52 57 58 59 60 63 67 132 133 71 137 139 
107 2 3 4 5 6 7 8 9 74 35 122 42 43 57 58 59 60 63 67 
108 44 63 
109 2 3 4 5 6 7 8 9 32 42 43 45 46 47 48 57 58 59 60 63 
110 2 3 4 5 6 7 8 9 74 45 46 47 48 63 
111 1 106 
113 2 3 4 5 6 7 8 9 74 38 40 41 63 132 133 
114 4 5 6 7 8 9 77 32 74 40 41 45 46 47 48 49 50 52 53 54 55 56 57 58 59 60 63 64 65 66 67 
115 74 119 38 49 50 63 
116 2 3 4 5 6 7 8 9 32 74 38 40 41 42 43 124 78 127 57 58 59 60 63 68 69 82 134 
117 2 3 4 5 6 7 8 9 34 42 43 124 78 63 71 
118 1 80 
119 1 75 106 79 85 178 115 
120 1 106 
121 1 72 75 76 106 103 229 
122 1 72 80 96 107 
123 1 157 206 
124 1 72 75 76 106 87 80 142 117 116 164 178 195 
125 1 91 143 184 187 
126 1 75 90 91 163 234 
127 1 87 89 83 143 116 157 
128 1 75 237 
129 1 87 90 186 
130 1 72 163 189 
131 1 72 80 225 
132 1 72 106 79 113 
133 1 72 106 79 113 
134 1 72 80 116 
135 1 80 157 
136 1 91 
137 72 75 106 79 83 103 251 
138 72 252 
139 106 
140 105 91 
141 2 3 4 5 6 7 8 9 63 
142 2 3 4 5 6 7 8 9 88 35 40 41 124 49 50 78 57 58 59 60 63 
143 2 3 4 5 6 7 8 9 32 74 38 125 127 63 68 69 
144 2 3 4 5 6 7 8 9 
145 2 3 4 5 6 7 8 9 63 
146 2 3 4 5 6 7 8 9 88 74 57 58 59 60 63 
147 2 3 4 5 6 7 8 9 57 58 59 60 
148 2 3 
149 2 3 4 5 6 7 8 9 40 41 63 
150 2 3 4 5 6 7 8 9 51 63 
151 2 3 4 5 6 7 8 9 40 41 63 
152 2 3 4 5 6 7 8 9 57 58 59 60 
153 2 3 4 5 6 7 8 9 63 
154 2 3 63 
155 2 3 
156 4 5 6 7 8 9 57 58 59 60 63 
157 4 5 6 7 8 9 88 84 74 35 38 93 40 41 123 42 43 45 46 47 48 49 50 127 57 58 59 60 63 68 69 82 135 158 
158 157 253 
159 4 5 6 7 8 9 40 41 45 46 47 48 63 
160 4 5 6 7 8 9 40 41 57 58 59 60 
161 4 5 6 7 8 9 45 46 47 48 82 
162 4 5 6 7 8 9 40 41 63 
163 4 5 6 7 8 9 40 41 126 57 58 59 60 130 
164 4 5 6 7 8 9 124 57 58 59 60 
165 4 5 6 7 8 9 32 34 40 41 67 
166 4 5 6 7 8 9 61 62 
167 4 5 6 7 8 9 38 68 69 
168 4 5 6 7 8 9 74 42 43 57 58 59 60 63 71 
169 4 5 6 7 8 9 32 38 45 46 47 48 49 50 
170 4 5 6 7 8 9 45 46 47 48 57 58 59 60 63 
171 4 5 6 7 8 9 74 63 
172 4 5 6 7 8 9 32 38 42 43 68 69 
173 4 5 6 7 8 9 
174 4 5 6 7 8 9 32 38 68 69 
175 4 5 6 7 8 9 39 63 
176 4 5 6 7 8 9 
177 4 5 6 7 8 9 32 35 38 42 43 63 68 69 
178 4 5 6 7 8 9 74 119 40 41 124 57 58 59 60 63 
179 4 5 6 7 8 9 
180 4 5 6 7 8 9 
181 4 5 6 7 8 9 74 
182 4 5 6 7 8 9 74 57 58 59 60 63 
183 4 5 6 7 8 9 77 
184 4 5 6 7 8 9 125 
185 4 5 6 7 8 9 
186 4 5 6 7 8 9 129 
187 4 5 6 7 8 9 125 63 
188 4 5 6 7 8 9 
189 4 5 6 7 8 9 45 46 47 48 130 
190 4 5 6 7 8 9 45 46 47 48 63 
191 4 5 6 7 8 9 45 46 47 48 57 58 59 60 63 
192 4 5 6 7 8 9 
193 4 5 6 7 8 9 
194 4 5 6 7 8 9 
195 4 5 6 7 8 9 124 63 
196 4 5 6 7 8 9 63 
197 4 5 6 7 8 9 
198 4 5 6 7 8 9 
199 4 5 6 7 8 9 74 
200 4 5 6 7 8 9 32 
201 4 5 6 7 8 9 42 43 
202 4 5 6 7 8 9 63 
203 4 5 6 7 8 9 
204 4 5 6 7 8 9 40 41 
205 4 5 6 7 8 9 
206 4 5 6 7 8 9 123 
207 4 5 6 7 8 9 
208 4 5 6 7 8 9 
209 4 5 6 7 8 9 
210 4 5 6 7 8 9 
211 4 5 6 7 8 9 35 212 
212 211 
213 4 5 6 7 8 9 
214 4 5 6 7 8 9 
215 4 5 6 7 8 9 63 
216 4 5 6 7 8 9 38 
217 4 5 6 7 8 9 
218 4 5 6 7 8 9 
219 4 5 6 7 8 9 
220 77 
221 84 
222 74 
223 74 
224 34 
225 35 131 
226 38 68 69 
227 38 
228 93 
229 121 
230 40 41 
231 78 63 
232 233 
233 232 
234 126 63 
235 236 
236 235 
237 128 
238 57 58 59 60 
239 57 58 59 60 
240 57 58 59 60 
241 63 
242 63 
243 63 
244 63 
245 63 
246 63 
247 67 
248 68 69 
249 68 69 
250 71 
251 137 
252 138 
253 158 
