1 2 3 4 5 6 7 8 9 31 77 32 74 34 35 38 40 41 42 43 45 46 47 48 124 49 50 78 111 51 127 57 58 59 60 61 62 63 67 68 69 82 70 71 
2 1 72 75 76 90 91 85 103 141 155 
3 1 72 75 76 90 91 85 103 141 155 
4 1 72 75 76 106 79 87 89 113 90 80 105 83 91 92 85 103 141 94 142 95 117 96 116 107 110 146 151 114 177 
5 1 72 75 76 106 79 87 89 113 90 80 105 83 91 92 85 103 141 94 142 95 117 96 116 107 110 146 151 114 177 
6 1 72 75 76 106 79 87 89 113 90 80 105 83 91 92 85 103 141 94 142 95 117 96 116 107 110 146 151 114 177 
7 1 72 75 76 106 79 87 89 113 90 80 105 83 91 92 85 103 141 94 142 95 117 96 116 107 110 146 151 114 177 
8 1 72 75 76 106 79 87 89 113 90 80 105 83 91 92 85 103 141 94 142 95 117 96 116 107 110 146 151 114 177 
9 1 72 75 76 106 79 87 89 113 90 80 105 83 91 92 85 103 141 94 142 95 117 96 116 107 110 146 151 114 177 
10 72 
11 72 
12 72 
13 72 
14 72 
15 72 
16 72 
17 72 
18 72 
19 72 
20 72 
21 72 
22 72 
23 72 
24 72 
25 72 
26 72 
27 72 
28 72 
29 72 
30 72 
31 1 72 
32 1 105 91 143 
33 80 
34 1 91 
35 1 80 96 177 
36 72 
37 72 
38 1 105 91 157 174 
39 175 
40 1 72 75 76 79 90 103 
41 1 72 75 76 79 90 103 
42 1 72 75 76 80 85 
43 1 72 75 76 80 85 
44 108 
45 1 72 75 91 
46 1 72 75 91 
47 1 72 75 91 
48 1 72 75 91 
49 1 114 
50 1 114 
51 1 
52 72 79 
53 90 114 
54 90 114 
55 90 114 
56 90 114 
57 1 72 75 76 79 80 107 157 
58 1 72 75 76 79 80 107 157 
59 1 72 75 76 79 80 107 157 
60 1 72 75 76 79 80 107 157 
61 1 72 
62 1 72 
63 1 72 75 76 106 79 87 89 90 80 105 83 91 85 103 141 94 95 116 146 157 170 
64 114 
65 114 
66 114 
67 1 72 76 90 103 98 
68 1 72 105 83 91 103 116 
69 1 72 105 83 91 103 116 
70 1 
71 1 83 117 
72 2 3 4 5 6 7 8 9 10 11 12 13 14 15 16 17 18 19 20 21 22 23 24 25 26 27 28 29 30 31 88 74 36 37 40 41 42 43 45 46 47 48 124 78 52 57 58 59 60 61 62 63 67 68 69 132 133 
73 79 
74 1 72 75 106 79 83 
75 2 3 4 5 6 7 8 9 74 40 41 42 43 45 46 47 48 57 58 59 60 63 
76 2 3 4 5 6 7 8 9 77 40 41 42 43 57 58 59 60 63 67 
77 1 76 90 
78 1 72 79 80 
79 73 4 5 6 7 8 9 74 40 41 78 52 57 58 59 60 63 
80 4 5 6 7 8 9 81 33 118 35 122 42 43 78 57 58 59 60 63 82 134 135 
81 80 
82 1 80 
83 4 5 6 7 8 9 88 84 74 63 68 69 71 
84 106 83 
85 2 3 4 5 6 7 8 9 42 43 63 
87 4 5 6 7 8 9 63 
88 72 83 
89 4 5 6 7 8 9 63 
90 2 3 4 5 6 7 8 9 77 40 41 53 54 55 56 63 67 
91 2 3 4 5 6 7 8 9 32 34 38 45 46 47 48 63 68 69 136 
92 4 5 6 7 8 9 
93 228 
94 4 5 6 7 8 9 63 
95 4 5 6 7 8 9 63 
96 4 5 6 7 8 9 35 
98 67 
101 102 
102 101 
103 2 3 4 5 6 7 8 9 40 41 63 67 68 69 
105 140 4 5 6 7 8 9 32 38 63 68 69 
106 4 5 6 7 8 9 84 74 119 120 111 63 139 
107 4 5 6 7 8 9 57 58 59 60 
108 44 
110 4 5 6 7 8 9 
111 1 106 
113 4 5 6 7 8 9 132 133 
114 4 5 6 7 8 9 49 50 53 54 55 56 64 65 66 
116 4 5 6 7 8 9 63 68 69 
117 4 5 6 7 8 9 124 71 
118 80 
119 106 
120 106 
121 229 
122 80 
123 206 
124 1 72 117 
125 187 
126 163 
127 1 143 
128 237 
129 186 
130 163 
131 225 
132 72 113 
133 72 113 
134 80 
135 80 
136 91 
137 251 
138 252 
139 106 
140 105 
141 2 3 4 5 6 7 8 9 63 
142 4 5 6 7 8 9 
143 32 127 
146 4 5 6 7 8 9 63 
151 4 5 6 7 8 9 
155 2 3 
157 38 57 58 59 60 63 
158 253 
163 126 130 
170 63 
174 38 
175 39 
177 4 5 6 7 8 9 35 
186 129 
187 125 
206 123 
211 212 
212 211 
225 131 
228 93 
229 121 
232 233 
233 232 
235 236 
236 235 
237 128 
251 137 
252 138 
253 158 
