1 2 3 73 4 5 6 7 8 9 31 88 77 32 74 34 35 120 38 93 40 41 42 43 44 45 46 47 48 124 49 50 78 111 51 127 53 54 55 56 57 58 59 60 61 62 63 67 68 69 82 70 132 133 71 
2 1 72 75 76 79 87 90 80 83 91 85 103 141 109 149 155 
3 1 72 75 76 79 87 90 80 83 91 85 103 141 109 149 155 
4 1 72 75 76 106 79 87 89 113 90 80 105 83 91 92 85 103 141 94 142 95 117 96 116 107 109 110 146 151 114 157 159 168 170 177 
5 1 72 75 76 106 79 87 89 113 90 80 105 83 91 92 85 103 141 94 142 95 117 96 116 107 109 110 146 151 114 157 159 168 170 177 
6 1 72 75 76 106 79 87 89 113 90 80 105 83 91 92 85 103 141 94 142 95 117 96 116 107 109 110 146 151 114 157 159 168 170 177 
7 1 72 75 76 106 79 87 89 113 90 80 105 83 91 92 85 103 141 94 142 95 117 96 116 107 109 110 146 151 114 157 159 168 170 177 
8 1 72 75 76 106 79 87 89 113 90 80 105 83 91 92 85 103 141 94 142 95 117 96 116 107 109 110 146 151 114 157 159 168 170 177 
9 1 72 75 76 106 79 87 89 113 90 80 105 83 91 92 85 103 141 94 142 95 117 96 116 107 109 110 146 151 114 157 159 168 170 177 
10 72 
11 72 
12 72 
13 72 
14 72 
15 72 
16 72 
17 72 
18 72 
19 72 
20 72 
21 72 
22 72 
23 72 
24 72 
25 72 
26 72 
27 72 
28 72 
29 72 
30 72 
31 1 72 
32 1 72 75 105 91 143 116 104 
33 80 
34 1 91 
35 1 72 80 96 157 177 
36 72 
37 72 
38 1 72 75 79 105 91 103 157 174 216 
39 175 
40 1 72 75 76 79 89 90 85 103 157 
41 1 72 75 76 79 89 90 85 103 157 
42 1 72 75 76 79 89 90 80 85 157 177 
43 1 72 75 76 79 89 90 80 85 157 177 
44 1 108 
45 1 72 75 91 85 
46 1 72 75 91 85 
47 1 72 75 91 85 
48 1 72 75 91 85 
49 1 72 75 114 
50 1 72 75 114 
51 1 
52 72 79 
53 1 90 114 
54 1 90 114 
55 1 90 114 
56 1 90 114 
57 1 72 75 76 79 90 80 105 91 103 116 107 86 157 178 
58 1 72 75 76 79 90 80 105 91 103 116 107 86 157 178 
59 1 72 75 76 79 90 80 105 91 103 116 107 86 157 178 
60 1 72 75 76 79 90 80 105 91 103 116 107 86 157 178 
61 1 72 
62 1 72 
63 1 72 75 76 106 79 87 89 90 80 105 83 91 85 103 141 94 142 95 116 104 107 146 114 157 170 195 
64 114 
65 114 
66 114 
67 1 72 76 90 103 98 
68 1 72 75 79 105 83 91 103 116 
69 1 72 75 79 105 83 91 103 116 
70 1 
71 1 83 117 
72 2 3 4 5 6 7 8 9 10 11 12 13 14 15 16 17 18 19 20 21 22 23 24 25 26 27 28 29 30 31 88 77 32 74 35 36 37 38 40 41 42 43 45 46 47 48 124 49 50 78 52 57 58 59 60 61 62 63 67 68 69 132 133 
73 1 79 
74 1 72 75 106 79 83 92 85 103 181 115 
75 2 3 4 5 6 7 8 9 32 74 38 40 41 42 43 45 46 47 48 49 50 57 58 59 60 63 68 69 
76 2 3 4 5 6 7 8 9 77 40 41 42 43 124 57 58 59 60 63 67 82 
77 1 72 76 79 90 
78 1 72 79 80 
79 2 3 73 4 5 6 7 8 9 77 74 119 38 40 41 42 43 78 52 57 58 59 60 63 68 69 
80 2 3 4 5 6 7 8 9 81 33 118 35 122 42 43 78 57 58 59 60 63 82 134 135 
81 80 
82 1 76 80 
83 2 3 4 5 6 7 8 9 88 84 74 63 68 69 71 
84 106 83 
85 2 3 4 5 6 7 8 9 74 40 41 42 43 45 46 47 48 63 
86 57 58 59 60 
87 2 3 4 5 6 7 8 9 127 63 
88 1 72 83 
89 4 5 6 7 8 9 40 41 42 43 63 
90 2 3 4 5 6 7 8 9 77 40 41 42 43 53 54 55 56 57 58 59 60 63 67 
91 2 3 4 5 6 7 8 9 32 34 38 45 46 47 48 57 58 59 60 63 68 69 136 
92 4 5 6 7 8 9 74 93 
93 1 92 157 228 
94 4 5 6 7 8 9 63 
95 4 5 6 7 8 9 63 
96 4 5 6 7 8 9 35 
98 67 
101 102 
102 101 
103 2 3 4 5 6 7 8 9 74 38 121 40 41 57 58 59 60 63 67 68 69 
104 32 63 
105 140 4 5 6 7 8 9 32 38 57 58 59 60 63 68 69 
106 4 5 6 7 8 9 84 74 119 120 111 63 137 139 
107 4 5 6 7 8 9 57 58 59 60 63 
108 44 
109 2 3 4 5 6 7 8 9 
110 4 5 6 7 8 9 
111 1 106 
113 4 5 6 7 8 9 132 133 
114 4 5 6 7 8 9 49 50 53 54 55 56 63 64 65 66 
115 74 
116 4 5 6 7 8 9 32 57 58 59 60 63 68 69 
117 4 5 6 7 8 9 124 71 
118 80 
119 106 79 
120 1 106 
121 103 229 
122 80 
123 206 
124 1 72 76 117 
125 187 
126 163 
127 1 87 143 
128 237 
129 186 
130 163 
131 225 
132 1 72 113 
133 1 72 113 
134 80 
135 80 
136 91 
137 106 251 
138 252 
139 106 
140 105 
141 2 3 4 5 6 7 8 9 63 
142 4 5 6 7 8 9 63 
143 32 127 
146 4 5 6 7 8 9 63 
149 2 3 
151 4 5 6 7 8 9 
155 2 3 
157 4 5 6 7 8 9 35 38 93 40 41 42 43 57 58 59 60 63 
158 253 
159 4 5 6 7 8 9 
163 126 130 
168 4 5 6 7 8 9 
170 4 5 6 7 8 9 63 
174 38 
175 39 
177 4 5 6 7 8 9 35 42 43 
178 57 58 59 60 
181 74 
186 129 
187 125 
195 63 
206 123 
211 212 
212 211 
216 38 
225 131 
228 93 
229 121 
232 233 
233 232 
235 236 
236 235 
237 128 
251 137 
252 138 
253 158 
