1 2 3 4 5 6 7 8 9 10 11 12 13 14 15 16 17 18 19 20 21 22 23 24 25 26 27 28 29 30 31 32 33 34 35 36 37 38 39 40 41 42 43 44 45 46 47 48 49 50 51 52 53 54 55 56 57 58 59 60 61 62 63 64 65 66 67 68 69 70 71 
2 1 72 75 76 79 80 83 85 86 
3 1 72 75 76 79 80 83 85 86 
4 1 72 75 76 79 80 85 87 89 90 91 92 94 95 96 97 98 99 100 
5 1 72 75 76 79 80 85 87 89 90 91 92 94 95 96 97 98 99 100 
6 1 72 75 76 79 80 85 87 89 90 91 92 94 95 96 97 98 99 100 
7 1 72 75 76 79 80 85 87 89 90 91 92 94 95 96 97 98 99 100 
8 1 72 75 76 79 80 85 87 89 90 91 92 94 95 96 97 98 99 100 
9 1 72 75 76 79 80 85 87 89 90 91 92 94 95 96 97 98 99 100 
10 1 72 
11 1 72 
12 1 72 
13 1 72 
14 1 72 
15 1 72 
16 1 72 
17 1 72 
18 1 72 
19 1 72 
20 1 72 
21 1 72 
22 1 72 
23 1 72 
24 1 72 
25 1 72 
26 1 72 
27 1 72 
28 1 72 
29 1 72 
30 1 72 
31 1 72 103 
32 1 72 91 105 
33 1 80 
34 1 76 
35 1 85 
36 1 72 85 
37 1 72 85 
38 1 105 
39 1 
40 1 72 75 90 
41 1 72 75 90 
42 1 72 80 107 
43 1 72 80 107 
44 1 85 108 
45 1 72 85 91 103 109 110 112 
46 1 72 85 91 103 109 110 112 
47 1 72 85 91 103 109 110 112 
48 1 72 85 91 103 109 110 112 
49 1 75 85 100 113 114 115 
50 1 75 85 100 113 114 115 
51 1 
52 1 91 
53 1 90 114 
54 1 90 114 
55 1 90 114 
56 1 90 114 
57 1 72 75 76 83 89 106 114 116 
58 1 72 75 76 83 89 106 114 116 
59 1 72 75 76 83 89 106 114 116 
60 1 72 75 76 83 89 106 114 116 
61 1 72 76 79 100 
62 1 72 76 79 100 
63 1 72 75 76 79 87 89 91 95 96 100 103 
64 1 
65 1 
66 1 
67 1 75 
68 1 91 
69 1 91 
70 1 
71 1 117 
72 2 3 73 4 5 6 7 8 9 10 11 12 13 14 15 16 17 18 19 20 21 22 23 24 25 26 27 28 29 30 31 32 74 36 37 40 41 42 43 45 46 47 48 57 58 59 60 61 62 63 
73 72 79 
74 72 79 106 
75 2 3 4 5 6 7 8 9 40 41 49 50 57 58 59 60 63 67 
76 2 3 4 5 6 7 8 9 77 34 78 57 58 59 60 61 62 63 
77 76 104 
78 76 79 80 87 
79 2 3 73 4 5 6 7 8 9 74 78 61 62 63 
80 2 3 4 5 6 7 8 9 81 33 42 43 78 82 
81 80 100 
82 80 
83 2 3 84 57 58 59 60 
84 83 
85 2 3 4 5 6 7 8 9 35 36 37 44 45 46 47 48 49 50 
86 2 3 
87 4 5 6 7 8 9 88 78 63 
88 87 
89 4 5 6 7 8 9 57 58 59 60 63 
90 4 5 6 7 8 9 40 41 53 54 55 56 
91 4 5 6 7 8 9 32 45 46 47 48 52 63 68 69 
92 4 5 6 7 8 9 93 
93 92 
94 4 5 6 7 8 9 
95 4 5 6 7 8 9 63 
96 4 5 6 7 8 9 63 
97 4 5 6 7 8 9 
98 4 5 6 7 8 9 
99 4 5 6 7 8 9 
100 4 5 6 7 8 9 81 49 50 61 62 63 
101 102 
102 101 
103 31 45 46 47 48 63 
104 77 
105 32 38 
106 74 57 58 59 60 
107 42 43 
108 44 
109 45 46 47 48 
110 45 46 47 48 111 
111 110 
112 45 46 47 48 
113 49 50 
114 49 50 53 54 55 56 57 58 59 60 
115 49 50 
116 57 58 59 60 
117 71 
