1 2 3 4 5 6 7 8 9 42 43 45 46 47 48 57 58 59 60 63 
2 1 72 
3 1 72 
4 1 72 
5 1 72 
6 1 72 
7 1 72 
8 1 72 
9 1 72 
10 72 
11 72 
12 72 
13 72 
14 72 
15 72 
16 72 
17 72 
18 72 
19 72 
20 72 
21 72 
22 72 
23 72 
24 72 
25 72 
26 72 
27 72 
28 72 
29 72 
30 72 
31 72 
36 72 
37 72 
42 1 
43 1 
45 1 91 
46 1 91 
47 1 91 
48 1 91 
57 1 72 
58 1 72 
59 1 72 
60 1 72 
61 72 
62 72 
63 1 72 76 79 
68 91 
69 91 
72 2 3 4 5 6 7 8 9 10 11 12 13 14 15 16 17 18 19 20 21 22 23 24 25 26 27 28 29 30 31 36 37 57 58 59 60 61 62 63 
74 106 
76 63 
79 63 
91 45 46 47 48 68 69 
106 74 
