1 2 3 73 4 5 6 7 8 9 31 88 77 32 74 34 119 35 38 39 40 41 122 42 43 44 45 46 47 48 124 49 50 78 125 51 52 128 53 54 55 56 57 58 59 60 61 62 63 64 65 66 67 68 69 82 132 133 71 
2 1 72 75 76 106 79 87 89 113 90 80 91 85 103 141 94 95 117 114 116 164 170 
3 1 72 75 76 106 79 87 89 113 90 80 91 85 103 141 94 95 117 114 116 164 170 
4 1 72 75 76 106 79 87 89 113 90 80 91 85 103 141 94 95 117 116 105 83 92 142 96 104 161 109 110 165 167 86 146 182 99 152 247 196 153 199 112 276 
5 1 72 75 76 106 79 87 89 113 90 80 91 85 103 141 94 95 117 116 105 83 92 142 96 104 161 109 110 165 167 86 146 182 99 152 247 196 153 199 112 276 
6 1 72 75 76 106 79 87 89 113 90 80 91 85 103 141 94 95 117 116 105 83 92 142 96 104 161 109 110 165 167 86 146 182 99 152 247 196 153 199 112 276 
7 1 72 75 76 106 79 87 89 113 90 80 91 85 103 141 94 95 117 116 105 83 92 142 96 104 161 109 110 165 167 86 146 182 99 152 247 196 153 199 112 276 
8 1 72 75 76 106 79 87 89 113 90 80 91 85 103 141 94 95 117 116 105 83 92 142 96 104 161 109 110 165 167 86 146 182 99 152 247 196 153 199 112 276 
9 1 72 75 76 106 79 87 89 113 90 80 91 85 103 141 94 95 117 116 105 83 92 142 96 104 161 109 110 165 167 86 146 182 99 152 247 196 153 199 112 276 
10 72 
11 72 
12 72 
13 72 
14 72 
15 72 
16 72 
17 72 
18 72 
19 72 
20 72 
21 72 
22 72 
23 72 
24 72 
25 72 
26 72 
27 72 
28 72 
29 72 
30 72 
31 1 72 
32 1 72 75 79 87 90 91 103 116 105 
33 94 
34 1 79 91 
35 1 72 79 80 94 117 105 
36 72 87 115 
37 72 87 115 
38 1 72 75 76 106 79 91 85 94 105 
39 1 94 
40 1 72 75 79 87 90 91 85 103 94 142 109 
41 1 72 75 79 87 90 91 85 103 94 142 109 
42 1 72 75 76 79 80 85 94 95 117 105 146 
43 1 72 75 76 79 80 85 94 95 117 105 146 
44 1 108 
45 1 72 75 76 79 87 80 91 85 94 95 92 142 
46 1 72 75 76 79 87 80 91 85 94 95 92 142 
47 1 72 75 76 79 87 80 91 85 94 95 92 142 
48 1 72 75 76 79 87 80 91 85 94 95 92 142 
49 1 72 75 89 94 114 153 
50 1 72 75 89 94 114 153 
51 1 72 76 79 170 
52 1 79 91 
53 1 72 90 
54 1 72 90 
55 1 72 90 
56 1 72 90 
57 1 72 75 76 106 79 89 90 80 91 85 103 117 114 105 83 92 196 145 183 101 
58 1 72 75 76 106 79 89 90 80 91 85 103 117 114 105 83 92 196 145 183 101 
59 1 72 75 76 106 79 89 90 80 91 85 103 117 114 105 83 92 196 145 183 101 
60 1 72 75 76 106 79 89 90 80 91 85 103 117 114 105 83 92 196 145 183 101 
61 1 72 79 89 116 170 
62 1 72 79 89 116 170 
63 1 72 75 76 106 79 87 89 113 90 80 91 85 103 94 95 117 114 116 170 105 83 92 142 96 157 277 188 258 217 278 
64 1 72 
65 1 72 
66 1 72 
67 1 72 75 106 79 90 85 114 159 
68 1 72 76 106 87 113 91 85 114 105 157 
69 1 72 76 106 87 113 91 85 114 105 157 
71 1 72 75 117 
72 2 3 73 4 5 6 7 8 9 10 11 12 13 14 15 16 17 18 19 20 21 22 23 24 25 26 27 28 29 30 31 81 32 74 35 36 37 38 40 41 42 43 45 46 47 48 124 49 50 78 51 53 54 55 56 57 58 59 60 61 62 63 64 65 66 67 68 69 82 71 
73 1 72 87 90 94 
74 1 72 75 76 106 79 113 85 199 115 
75 2 3 4 5 6 7 8 9 77 32 74 38 40 41 42 43 45 46 47 48 124 49 50 78 57 58 59 60 63 67 71 
76 2 3 4 5 6 7 8 9 77 74 38 42 43 45 46 47 48 126 51 57 58 59 60 63 68 69 
77 1 75 76 79 94 
78 1 72 75 79 89 80 85 94 177 
79 2 3 4 5 6 7 8 9 77 32 74 34 119 35 38 40 41 42 43 45 46 47 48 124 78 51 52 57 58 59 60 61 62 63 67 132 133 
80 2 3 4 5 6 7 8 9 81 35 122 42 43 45 46 47 48 78 57 58 59 60 63 82 134 
81 72 80 
82 1 72 80 94 
83 4 5 6 7 8 9 88 84 57 58 59 60 63 
84 83 
85 2 3 4 5 6 7 8 9 74 38 40 41 42 43 45 46 47 48 78 57 58 59 60 63 67 68 69 
86 4 5 6 7 8 9 
87 2 3 73 4 5 6 7 8 9 32 36 37 40 41 45 46 47 48 127 63 68 69 
88 1 94 83 
89 2 3 4 5 6 7 8 9 49 50 78 57 58 59 60 61 62 63 
90 2 3 73 4 5 6 7 8 9 32 40 41 124 53 54 55 56 57 58 59 60 63 67 
91 2 3 4 5 6 7 8 9 32 34 38 40 41 45 46 47 48 52 57 58 59 60 63 68 69 
92 4 5 6 7 8 9 93 45 46 47 48 57 58 59 60 63 
93 92 
94 2 3 73 4 5 6 7 8 9 88 77 33 35 38 39 40 41 122 42 43 45 46 47 48 49 50 78 63 82 134 212 
95 2 3 4 5 6 7 8 9 42 43 45 46 47 48 63 
96 4 5 6 7 8 9 63 
99 4 5 6 7 8 9 
101 57 58 59 60 
103 2 3 4 5 6 7 8 9 32 40 41 57 58 59 60 63 
104 4 5 6 7 8 9 
105 4 5 6 7 8 9 32 35 38 42 43 125 57 58 59 60 63 68 69 
106 2 3 4 5 6 7 8 9 74 119 120 38 121 111 57 58 59 60 63 67 68 69 
108 44 
109 4 5 6 7 8 9 40 41 
110 4 5 6 7 8 9 
111 106 
112 4 5 6 7 8 9 
113 2 3 4 5 6 7 8 9 74 63 68 69 132 133 
114 2 3 49 50 57 58 59 60 63 67 68 69 
115 74 119 36 37 
116 2 3 4 5 6 7 8 9 32 124 61 62 63 
117 2 3 4 5 6 7 8 9 35 42 43 124 57 58 59 60 63 71 
119 1 106 79 115 
120 106 
121 106 
122 1 80 94 
124 1 72 75 79 90 117 116 
125 1 105 
126 76 163 
127 87 143 
128 1 
130 163 
132 1 79 113 
133 1 79 113 
134 80 94 
137 251 
138 252 
141 2 3 4 5 6 7 8 9 
142 4 5 6 7 8 9 40 41 45 46 47 48 63 
143 127 
145 57 58 59 60 
146 4 5 6 7 8 9 42 43 
152 4 5 6 7 8 9 
153 4 5 6 7 8 9 49 50 
157 63 68 69 
159 67 
161 4 5 6 7 8 9 
163 126 130 
164 2 3 
165 4 5 6 7 8 9 
167 4 5 6 7 8 9 
170 2 3 51 61 62 63 
177 78 
182 4 5 6 7 8 9 
183 57 58 59 60 
188 63 
196 4 5 6 7 8 9 57 58 59 60 
199 4 5 6 7 8 9 74 
212 94 
217 63 
247 4 5 6 7 8 9 
251 137 
252 138 
258 63 
276 4 5 6 7 8 9 
277 63 
278 63 
