1 2 3 4 5 6 7 8 9 38 42 43 51 57 58 59 60 63 67 
2 1 72 
3 1 72 
4 1 72 75 79 85 
5 1 72 75 79 85 
6 1 72 75 79 85 
7 1 72 75 79 85 
8 1 72 75 79 85 
9 1 72 75 79 85 
36 72 
37 72 
38 1 105 
40 72 94 
41 72 94 
42 1 80 94 
43 1 80 94 
51 1 
57 1 72 89 
58 1 72 89 
59 1 72 89 
60 1 72 89 
63 1 72 76 
67 1 
72 2 3 4 5 6 7 8 9 36 37 40 41 57 58 59 60 63 
74 106 
75 4 5 6 7 8 9 
76 63 
77 94 
78 79 
79 4 5 6 7 8 9 78 
80 81 42 43 
81 80 
82 94 
85 4 5 6 7 8 9 
89 57 58 59 60 
94 77 40 41 42 43 82 
105 38 
106 74 
117 124 
124 117 
