1 2 3 4 5 6 7 8 9 32 74 35 38 40 41 42 43 45 46 47 48 49 50 78 51 57 58 59 60 63 67 
2 1 72 76 
3 1 72 76 
4 1 72 75 76 79 85 103 
5 1 72 75 76 79 85 103 
6 1 72 75 76 79 85 103 
7 1 72 75 76 79 85 103 
8 1 72 75 76 79 85 103 
9 1 72 75 76 79 85 103 
32 1 105 
35 1 80 
36 72 
37 72 
38 1 105 
40 1 72 94 
41 1 72 94 
42 1 80 94 
43 1 80 94 
45 1 
46 1 
47 1 
48 1 
49 1 
50 1 
51 1 
53 90 
54 90 
55 90 
56 90 
57 1 72 89 114 
58 1 72 89 114 
59 1 72 89 114 
60 1 72 89 114 
61 72 
62 72 
63 1 72 75 76 79 85 114 
67 1 
68 91 
69 91 
71 117 
72 2 3 4 5 6 7 8 9 36 37 40 41 78 57 58 59 60 61 62 63 
74 1 106 
75 4 5 6 7 8 9 63 
76 2 3 4 5 6 7 8 9 63 
77 94 
78 1 72 79 80 
79 4 5 6 7 8 9 78 63 
80 81 35 42 43 78 
81 80 
82 94 
85 4 5 6 7 8 9 63 
89 57 58 59 60 
90 53 54 55 56 
91 68 69 
94 77 40 41 42 43 82 
103 4 5 6 7 8 9 
105 32 38 
106 74 119 
114 57 58 59 60 63 
117 124 71 
119 106 
124 117 
