1 2 3 4 5 6 7 8 9 32 74 35 38 40 41 42 43 45 46 47 48 49 50 78 51 57 58 59 60 61 62 63 67 68 69 
2 1 72 75 76 79 103 94 
3 1 72 75 76 79 103 94 
4 1 72 75 76 106 79 87 89 113 85 103 94 95 92 
5 1 72 75 76 106 79 87 89 113 85 103 94 95 92 
6 1 72 75 76 106 79 87 89 113 85 103 94 95 92 
7 1 72 75 76 106 79 87 89 113 85 103 94 95 92 
8 1 72 75 76 106 79 87 89 113 85 103 94 95 92 
9 1 72 75 76 106 79 87 89 113 85 103 94 95 92 
32 1 105 
35 1 80 94 
36 72 
37 72 
38 1 105 
40 1 72 79 94 
41 1 72 79 94 
42 1 72 80 94 
43 1 72 80 94 
45 1 72 
46 1 72 
47 1 72 
48 1 72 
49 1 
50 1 
51 1 
53 90 
54 90 
55 90 
56 90 
57 1 72 75 76 79 89 114 
58 1 72 75 76 79 89 114 
59 1 72 75 76 79 89 114 
60 1 72 75 76 79 89 114 
61 1 72 
62 1 72 
63 1 72 75 76 106 79 89 85 103 114 105 
67 1 
68 1 91 
69 1 91 
71 117 
72 2 3 4 5 6 7 8 9 36 37 40 41 42 43 45 46 47 48 124 78 57 58 59 60 61 62 63 
74 1 106 
75 2 3 4 5 6 7 8 9 57 58 59 60 63 
76 2 3 4 5 6 7 8 9 77 57 58 59 60 63 
77 76 94 
78 1 72 79 80 
79 2 3 4 5 6 7 8 9 40 41 78 57 58 59 60 63 
80 81 35 42 43 78 
81 80 
82 94 
85 4 5 6 7 8 9 63 
87 4 5 6 7 8 9 
89 4 5 6 7 8 9 57 58 59 60 63 
90 53 54 55 56 
91 68 69 
92 4 5 6 7 8 9 
94 2 3 4 5 6 7 8 9 77 35 40 41 42 43 82 
95 4 5 6 7 8 9 
103 2 3 4 5 6 7 8 9 63 
105 32 38 63 
106 4 5 6 7 8 9 74 119 63 
113 4 5 6 7 8 9 132 133 
114 57 58 59 60 63 
117 124 71 
119 106 
124 72 117 
132 113 
133 113 
