1 2 3 4 5 6 7 8 9 81 77 32 74 35 120 38 40 41 42 43 45 46 47 48 78 111 51 57 58 59 60 61 62 63 67 68 69 82 70 
2 1 72 76 87 85 103 
3 1 72 76 87 85 103 
4 1 72 75 76 106 79 87 90 80 83 91 92 85 103 94 95 96 116 105 89 141 142 143 161 109 98 
5 1 72 75 76 106 79 87 90 80 83 91 92 85 103 94 95 96 116 105 89 141 142 143 161 109 98 
6 1 72 75 76 106 79 87 90 80 83 91 92 85 103 94 95 96 116 105 89 141 142 143 161 109 98 
7 1 72 75 76 106 79 87 90 80 83 91 92 85 103 94 95 96 116 105 89 141 142 143 161 109 98 
8 1 72 75 76 106 79 87 90 80 83 91 92 85 103 94 95 96 116 105 89 141 142 143 161 109 98 
9 1 72 75 76 106 79 87 90 80 83 91 92 85 103 94 95 96 116 105 89 141 142 143 161 109 98 
32 1 72 105 
35 1 80 
36 72 87 
37 72 87 
38 1 72 91 105 
40 1 72 76 87 90 85 103 
41 1 72 76 87 90 85 103 
42 1 72 76 90 80 103 
43 1 72 76 90 80 103 
45 1 72 75 91 
46 1 72 75 91 
47 1 72 75 91 
48 1 72 75 91 
49 114 
50 114 
51 1 
52 79 
57 1 72 75 76 79 87 
58 1 72 75 76 79 87 
59 1 72 75 76 79 87 
60 1 72 75 76 79 87 
61 1 72 
62 1 72 
63 1 72 75 76 106 79 87 90 80 92 85 103 95 96 116 89 
67 1 72 76 103 
68 1 72 76 79 91 105 
69 1 72 76 79 91 105 
70 1 
71 72 117 
72 2 3 4 5 6 7 8 9 81 32 74 36 37 38 40 41 42 43 45 46 47 48 57 58 59 60 61 62 63 67 68 69 71 
74 1 72 75 106 79 
75 4 5 6 7 8 9 74 45 46 47 48 57 58 59 60 63 
76 2 3 4 5 6 7 8 9 77 40 41 42 43 78 57 58 59 60 63 67 68 69 82 
77 1 76 79 90 80 
78 1 76 79 80 
79 4 5 6 7 8 9 77 74 78 52 57 58 59 60 63 68 69 
80 4 5 6 7 8 9 81 77 35 122 42 43 78 63 82 134 
81 1 72 80 
82 1 76 80 
83 4 5 6 7 8 9 88 84 
84 106 83 
85 2 3 4 5 6 7 8 9 40 41 63 
87 2 3 4 5 6 7 8 9 36 37 40 41 57 58 59 60 63 
88 83 
89 4 5 6 7 8 9 63 
90 4 5 6 7 8 9 77 40 41 42 43 63 
91 4 5 6 7 8 9 38 45 46 47 48 68 69 
92 4 5 6 7 8 9 93 63 
93 92 
94 4 5 6 7 8 9 
95 4 5 6 7 8 9 63 
96 4 5 6 7 8 9 63 
98 4 5 6 7 8 9 
101 102 
102 101 
103 2 3 4 5 6 7 8 9 40 41 42 43 63 67 
105 140 4 5 6 7 8 9 32 38 68 69 
106 4 5 6 7 8 9 84 74 120 111 63 
109 4 5 6 7 8 9 
111 1 106 
113 132 133 
114 49 50 
116 4 5 6 7 8 9 63 
117 71 
120 1 106 
122 80 
126 163 
130 163 
132 113 
133 113 
134 80 
140 105 
141 4 5 6 7 8 9 
142 4 5 6 7 8 9 
143 4 5 6 7 8 9 
161 4 5 6 7 8 9 
163 126 130 
