1 2 3 140 73 4 5 6 7 8 9 10 11 12 13 14 15 16 17 18 19 20 21 22 23 24 25 26 27 28 29 30 31 81 88 77 32 84 74 34 35 36 37 120 38 93 121 39 40 41 122 42 43 44 45 46 47 48 124 49 50 78 233 125 126 111 51 236 52 53 54 55 56 129 57 58 59 60 61 62 63 131 64 65 66 67 68 69 82 70 132 133 134 71 
2 1 72 75 76 106 79 87 113 90 80 83 91 92 85 103 94 95 117 96 116 162 166 170 178 201 254 255 256 
3 1 72 75 76 106 79 87 113 90 80 83 91 92 85 103 94 95 117 96 116 162 166 170 178 201 254 255 256 
4 1 72 75 76 106 79 87 113 90 80 83 91 92 85 103 94 95 96 116 162 166 170 178 201 105 89 141 142 143 114 104 157 160 161 107 109 110 163 145 164 165 168 169 86 171 97 172 146 173 147 98 179 182 150 257 184 185 108 186 187 234 192 247 258 198 259 260 243 261 205 262 263 264 265 266 
5 1 72 75 76 106 79 87 113 90 80 83 91 92 85 103 94 95 96 116 162 166 170 178 201 105 89 141 142 143 114 104 157 160 161 107 109 110 163 145 164 165 168 169 86 171 97 172 146 173 147 98 179 182 150 257 184 185 108 186 187 234 192 247 258 198 259 260 243 261 205 262 263 264 265 266 
6 1 72 75 76 106 79 87 113 90 80 83 91 92 85 103 94 95 96 116 162 166 170 178 201 105 89 141 142 143 114 104 157 160 161 107 109 110 163 145 164 165 168 169 86 171 97 172 146 173 147 98 179 182 150 257 184 185 108 186 187 234 192 247 258 198 259 260 243 261 205 262 263 264 265 266 
7 1 72 75 76 106 79 87 113 90 80 83 91 92 85 103 94 95 96 116 162 166 170 178 201 105 89 141 142 143 114 104 157 160 161 107 109 110 163 145 164 165 168 169 86 171 97 172 146 173 147 98 179 182 150 257 184 185 108 186 187 234 192 247 258 198 259 260 243 261 205 262 263 264 265 266 
8 1 72 75 76 106 79 87 113 90 80 83 91 92 85 103 94 95 96 116 162 166 170 178 201 105 89 141 142 143 114 104 157 160 161 107 109 110 163 145 164 165 168 169 86 171 97 172 146 173 147 98 179 182 150 257 184 185 108 186 187 234 192 247 258 198 259 260 243 261 205 262 263 264 265 266 
9 1 72 75 76 106 79 87 113 90 80 83 91 92 85 103 94 95 96 116 162 166 170 178 201 105 89 141 142 143 114 104 157 160 161 107 109 110 163 145 164 165 168 169 86 171 97 172 146 173 147 98 179 182 150 257 184 185 108 186 187 234 192 247 258 198 259 260 243 261 205 262 263 264 265 266 
10 1 72 
11 1 72 
12 1 72 
13 1 72 
14 1 72 
15 1 72 
16 1 72 
17 1 72 
18 1 72 
19 1 72 
20 1 72 
21 1 72 
22 1 72 
23 1 72 
24 1 72 
25 1 72 
26 1 72 
27 1 72 
28 1 72 
29 1 72 
30 1 72 
31 1 72 103 
32 1 72 76 79 87 90 91 92 103 116 105 114 109 172 177 227 
33 76 80 103 96 
34 1 72 75 96 
35 1 72 75 76 106 79 90 80 83 85 103 89 160 177 99 
36 1 72 75 87 
37 1 72 75 87 
38 1 72 75 76 106 79 87 83 91 116 105 226 172 115 180 
39 1 72 75 
40 1 72 75 76 106 79 87 113 90 80 91 85 103 94 96 162 89 142 114 161 164 159 
41 1 72 75 76 106 79 87 113 90 80 91 85 103 94 96 162 89 142 114 161 164 159 
42 1 72 75 76 106 79 87 90 80 83 91 85 103 95 117 96 162 89 141 142 185 176 271 272 
43 1 72 75 76 106 79 87 90 80 83 91 85 103 95 117 96 162 89 141 142 185 176 271 272 
44 1 85 108 
45 1 72 75 83 91 92 85 105 89 110 163 86 173 205 99 159 
46 1 72 75 83 91 92 85 105 89 110 163 86 173 205 99 159 
47 1 72 75 83 91 92 85 105 89 110 163 86 173 205 99 159 
48 1 72 75 83 91 92 85 105 89 110 163 86 173 205 99 159 
49 1 72 75 106 79 114 
50 1 72 75 106 79 114 
51 1 72 76 113 103 94 
52 1 72 76 106 79 113 103 
53 1 76 90 
54 1 76 90 
55 1 76 90 
56 1 76 90 
57 1 72 75 76 79 87 80 83 92 103 105 89 142 114 104 265 144 
58 1 72 75 76 79 87 80 83 92 103 105 89 142 114 104 265 144 
59 1 72 75 76 79 87 80 83 92 103 105 89 142 114 104 265 144 
60 1 72 75 76 79 87 80 83 92 103 105 89 142 114 104 265 144 
61 1 72 96 105 183 
62 1 72 96 105 183 
63 1 72 75 76 106 79 87 113 90 80 83 91 92 85 103 94 95 117 96 116 162 170 105 248 89 141 114 160 161 109 110 163 145 165 97 172 173 108 186 260 115 99 183 156 273 274 
64 1 72 75 79 103 114 
65 1 72 75 79 103 114 
66 1 72 75 79 103 114 
67 1 72 75 76 79 90 83 103 95 178 142 86 
68 1 72 76 79 87 91 92 96 116 105 226 89 143 163 172 177 99 167 275 
69 1 72 76 79 87 91 92 96 116 105 226 89 143 163 172 177 99 167 275 
70 1 72 76 113 90 103 
71 1 72 75 117 
72 2 3 73 4 5 6 7 8 9 10 11 12 13 14 15 16 17 18 19 20 21 22 23 24 25 26 27 28 29 30 31 81 88 77 32 84 74 34 35 36 37 38 39 40 41 42 43 45 46 47 48 124 49 50 78 126 111 51 52 57 58 59 60 61 62 63 130 131 64 65 66 67 68 69 82 70 132 133 134 71 
73 1 72 79 85 
74 1 72 75 76 106 79 113 92 85 89 114 146 115 181 270 
75 2 3 4 5 6 7 8 9 77 74 34 35 36 37 38 39 40 41 42 43 45 46 47 48 49 50 57 58 59 60 63 64 65 66 67 71 
76 2 3 140 4 5 6 7 8 9 77 32 33 84 74 35 38 40 41 42 43 124 78 126 51 52 127 53 54 55 56 57 58 59 60 63 67 68 69 82 70 
77 1 72 75 76 106 79 90 80 91 92 103 95 116 165 172 147 267 
78 1 72 76 79 87 113 90 80 103 94 116 105 165 86 186 
79 2 3 73 4 5 6 7 8 9 77 32 84 74 35 38 93 40 41 42 43 124 49 50 78 52 127 57 58 59 60 63 64 65 66 67 68 69 132 133 158 
80 2 3 4 5 6 7 8 9 81 77 33 118 35 40 41 122 42 43 78 233 57 58 59 60 63 82 134 
81 1 72 80 
82 1 72 76 80 91 103 96 105 226 174 
83 2 3 4 5 6 7 8 9 88 84 35 38 121 42 43 45 46 47 48 57 58 59 60 63 67 
84 1 72 76 106 79 83 268 269 
85 2 3 73 4 5 6 7 8 9 74 35 40 41 42 43 44 45 46 47 48 63 
86 4 5 6 7 8 9 45 46 47 48 78 67 
87 2 3 4 5 6 7 8 9 32 36 37 38 40 41 42 43 124 78 129 57 58 59 60 63 68 69 
88 1 72 83 97 239 
89 4 5 6 7 8 9 74 35 40 41 42 43 45 46 47 48 57 58 59 60 63 68 69 
90 2 3 4 5 6 7 8 9 77 32 35 40 41 42 43 78 53 54 55 56 63 67 70 
91 2 3 140 4 5 6 7 8 9 77 32 38 40 41 42 43 45 46 47 48 63 68 69 82 
92 2 3 4 5 6 7 8 9 77 32 74 93 45 46 47 48 126 57 58 59 60 63 68 69 
93 1 79 92 
94 2 3 4 5 6 7 8 9 40 41 78 51 63 
95 2 3 4 5 6 7 8 9 77 42 43 63 67 
96 2 3 140 4 5 6 7 8 9 33 34 40 41 42 43 129 61 62 63 68 69 82 
97 4 5 6 7 8 9 88 63 
98 4 5 6 7 8 9 
99 35 45 46 47 48 63 68 69 
101 102 
102 101 
103 2 3 4 5 6 7 8 9 31 77 32 33 35 40 41 42 43 124 78 51 52 57 58 59 60 63 64 65 66 67 82 70 
104 4 5 6 7 8 9 57 58 59 60 
105 140 4 5 6 7 8 9 32 38 45 46 47 48 78 57 58 59 60 61 62 63 68 69 82 
106 2 3 4 5 6 7 8 9 77 84 74 119 35 120 38 121 40 41 122 42 43 49 50 111 52 63 137 139 
107 4 5 6 7 8 9 
108 4 5 6 7 8 9 44 63 
109 4 5 6 7 8 9 32 63 
110 4 5 6 7 8 9 45 46 47 48 111 63 
111 1 72 106 110 
113 2 3 4 5 6 7 8 9 74 40 41 78 51 52 63 70 132 133 
114 4 5 6 7 8 9 32 74 40 41 49 50 57 58 59 60 63 64 65 66 
115 74 38 63 
116 2 3 140 4 5 6 7 8 9 77 32 38 78 126 63 68 69 
117 2 3 42 43 124 63 71 
118 80 
119 106 
120 1 106 
121 1 106 83 229 
122 1 106 80 
124 1 72 76 79 87 103 117 
125 1 187 
126 1 72 76 92 116 163 
127 76 79 143 
128 237 
129 1 87 96 
130 72 163 
131 1 72 225 
132 1 72 79 113 
133 1 72 79 113 
134 1 72 80 
137 106 251 
139 106 
140 1 76 91 96 116 105 226 174 248 
141 4 5 6 7 8 9 42 43 63 
142 4 5 6 7 8 9 40 41 42 43 57 58 59 60 67 
143 4 5 6 7 8 9 127 68 69 
144 57 58 59 60 
145 4 5 6 7 8 9 63 
146 4 5 6 7 8 9 74 
147 4 5 6 7 8 9 77 
150 4 5 6 7 8 9 
156 63 
157 4 5 6 7 8 9 158 
158 79 157 
159 40 41 45 46 47 48 
160 4 5 6 7 8 9 35 63 
161 4 5 6 7 8 9 40 41 63 
162 2 3 4 5 6 7 8 9 40 41 42 43 63 
163 4 5 6 7 8 9 45 46 47 48 126 63 130 68 69 
164 4 5 6 7 8 9 40 41 
165 4 5 6 7 8 9 77 78 63 
166 2 3 4 5 6 7 8 9 
167 68 69 
168 4 5 6 7 8 9 
169 4 5 6 7 8 9 
170 2 3 4 5 6 7 8 9 63 
171 4 5 6 7 8 9 
172 4 5 6 7 8 9 77 32 38 63 68 69 
173 4 5 6 7 8 9 45 46 47 48 63 
174 140 82 
176 42 43 
177 32 35 68 69 
178 2 3 4 5 6 7 8 9 67 
179 4 5 6 7 8 9 
180 38 
181 74 
182 4 5 6 7 8 9 
183 61 62 63 
184 4 5 6 7 8 9 
185 4 5 6 7 8 9 42 43 
186 4 5 6 7 8 9 78 63 
187 4 5 6 7 8 9 125 
192 4 5 6 7 8 9 
198 4 5 6 7 8 9 
201 2 3 4 5 6 7 8 9 
205 4 5 6 7 8 9 45 46 47 48 
211 212 
212 211 
225 131 
226 140 38 68 69 82 
227 32 
229 121 
232 233 
233 1 80 232 
234 4 5 6 7 8 9 
236 1 
237 128 
239 88 
243 4 5 6 7 8 9 
247 4 5 6 7 8 9 
248 140 63 
251 137 
254 2 3 
255 2 3 
256 2 3 
257 4 5 6 7 8 9 
258 4 5 6 7 8 9 
259 4 5 6 7 8 9 
260 4 5 6 7 8 9 63 
261 4 5 6 7 8 9 
262 4 5 6 7 8 9 
263 4 5 6 7 8 9 
264 4 5 6 7 8 9 
265 4 5 6 7 8 9 57 58 59 60 
266 4 5 6 7 8 9 
267 77 
268 84 
269 84 
270 74 
271 42 43 
272 42 43 
273 63 
274 63 
275 68 69 
