1 2 3 4 5 6 7 8 9 77 74 35 38 40 41 42 43 45 46 47 48 78 51 57 58 59 60 63 67 68 69 82 
2 1 72 76 87 103 
3 1 72 76 87 103 
4 1 72 75 76 106 79 87 90 80 83 92 85 103 94 95 96 116 89 142 
5 1 72 75 76 106 79 87 90 80 83 92 85 103 94 95 96 116 89 142 
6 1 72 75 76 106 79 87 90 80 83 92 85 103 94 95 96 116 89 142 
7 1 72 75 76 106 79 87 90 80 83 92 85 103 94 95 96 116 89 142 
8 1 72 75 76 106 79 87 90 80 83 92 85 103 94 95 96 116 89 142 
9 1 72 75 76 106 79 87 90 80 83 92 85 103 94 95 96 116 89 142 
32 105 
35 1 80 
36 72 87 
37 72 87 
38 1 91 105 
40 1 72 76 
41 1 72 76 
42 1 72 76 80 
43 1 72 76 80 
45 1 72 75 91 
46 1 72 75 91 
47 1 72 75 91 
48 1 72 75 91 
51 1 
52 79 
57 1 72 75 87 
58 1 72 75 87 
59 1 72 75 87 
60 1 72 75 87 
63 1 72 75 76 106 79 87 90 85 103 89 
67 1 72 
68 1 72 91 105 
69 1 72 91 105 
71 117 
72 2 3 4 5 6 7 8 9 36 37 40 41 42 43 45 46 47 48 57 58 59 60 63 67 68 69 
74 1 106 
75 4 5 6 7 8 9 45 46 47 48 57 58 59 60 63 
76 2 3 4 5 6 7 8 9 77 40 41 42 43 63 82 
77 1 76 90 
78 1 79 80 
79 4 5 6 7 8 9 78 52 63 
80 4 5 6 7 8 9 81 35 42 43 78 82 134 
81 80 
82 1 76 80 
83 4 5 6 7 8 9 88 84 
84 106 83 
85 4 5 6 7 8 9 63 
87 2 3 4 5 6 7 8 9 36 37 57 58 59 60 63 
88 83 
89 4 5 6 7 8 9 63 
90 4 5 6 7 8 9 77 63 
91 38 45 46 47 48 68 69 
92 4 5 6 7 8 9 
94 4 5 6 7 8 9 
95 4 5 6 7 8 9 
96 4 5 6 7 8 9 
101 102 
102 101 
103 2 3 4 5 6 7 8 9 63 
105 140 32 38 68 69 
106 4 5 6 7 8 9 84 74 120 111 63 
111 106 
113 132 133 
116 4 5 6 7 8 9 
117 71 
120 106 
126 163 
132 113 
133 113 
134 80 
140 105 
142 4 5 6 7 8 9 
163 126 
