1 2 3 4 5 6 7 8 9 77 74 35 40 41 42 43 51 57 58 59 60 63 67 
2 1 72 76 
3 1 72 76 
4 1 72 75 76 106 79 87 90 80 85 103 89 
5 1 72 75 76 106 79 87 90 80 85 103 89 
6 1 72 75 76 106 79 87 90 80 85 103 89 
7 1 72 75 76 106 79 87 90 80 85 103 89 
8 1 72 75 76 106 79 87 90 80 85 103 89 
9 1 72 75 76 106 79 87 90 80 85 103 89 
32 105 
35 1 80 
38 105 
40 1 72 
41 1 72 
42 1 80 
43 1 80 
45 72 91 
46 72 91 
47 72 91 
48 72 91 
51 1 
52 79 
57 1 72 87 
58 1 72 87 
59 1 72 87 
60 1 72 87 
63 1 72 75 76 79 87 85 103 
67 1 
68 91 
69 91 
71 117 
72 2 3 4 5 6 7 8 9 40 41 45 46 47 48 57 58 59 60 63 
74 1 106 
75 4 5 6 7 8 9 63 
76 2 3 4 5 6 7 8 9 77 63 
77 1 76 
78 80 
79 4 5 6 7 8 9 52 63 
80 4 5 6 7 8 9 81 35 42 43 78 82 134 
81 80 
82 80 
83 84 
84 83 
85 4 5 6 7 8 9 63 
87 4 5 6 7 8 9 57 58 59 60 63 
89 4 5 6 7 8 9 
90 4 5 6 7 8 9 
91 45 46 47 48 68 69 
103 4 5 6 7 8 9 63 
105 140 32 38 
106 4 5 6 7 8 9 74 111 
111 106 
113 132 133 
117 71 
126 163 
132 113 
133 113 
134 80 
140 105 
163 126 
